120
0 0 83
0 430 86
0 770 77
0 465 31
0 320 16
0 625 25
0 1200 40
0 560 16
0 2440 61
0 4185 93
0 2650 53
10 0 2
130 130 26
475 950 95
95 285 19
55 220 11
240 1200 48
40 240 8
265 1855 53
480 3840 96
310 2790 62
475 4750 95
370 0 37
850 425 85
630 630 63
870 1305 87
530 1060 53
560 1400 56
550 1650 55
480 1680 48
930 3720 93
840 3780 84
710 3550 71
105 0 7
1320 440 88
900 600 60
450 600 30
165 275 11
360 720 24
420 980 28
45 120 3
1080 3240 72
1200 4000 80
420 0 21
1420 355 71
1340 670 67
1660 1245 83
1620 1620 81
420 525 21
160 240 8
280 490 14
940 1880 47
220 495 11
280 700 14
2225 0 89
850 170 34
175 70 7
2175 1305 87
2025 1620 81
1700 1700 68
1500 1800 60
75 105 3
475 760 19
1075 1935 43
325 650 13
1860 0 62
930 155 31
1140 380 38
1740 870 58
2370 1580 79
570 475 19
1590 1590 53
660 770 22
1320 1760 44
150 225 5
2520 4200 84
945 0 27
1855 265 53
140 40 4
1680 720 48
2310 1320 66
385 275 11
1470 1260 42
2730 2730 78
2275 2600 65
2625 3375 75
2415 3450 69
1960 0 49
3640 455 91
1920 480 48
1000 375 25
2560 1280 64
1240 775 31
960 720 24
520 455 13
1080 1080 27
2520 2835 63
2520 3150 63
2520 0 56
4365 485 97
1350 300 30
1935 645 43
3150 1400 70
1890 1050 42
1080 720 24
2025 1575 45
3825 3400 85
4230 4230 94
2610 2900 58
2000 0 40
150 15 3
3200 640 64
4300 1290 86
1500 600 30
350 175 7
1300 780 26
800 560 16
700 560 14
2300 2070 46
3250 3250 65
