153 195 62
234 15 85
265 268 73
285 162 68
260 145 82
126 274 67
278 149 23
59 61 64
127 49 39
267 60 20
26 39 60
271 150 60
231 168 29
2 194 55
217 175 78
61 155 69
206 173 85
295 130 35
213 62 26
196 239 99
20 28 23
27 273 51
26 87 61
283 229 54
15 139 27
284 199 96
21 65 94
52 227 94
297 28 28
149 187 60
170 92 51
90 145 78
278 218 25
278 132 94
40 145 64
114 130 71
154 30 98
296 19 61
104 114 88
76 268 56
20 152 57
202 192 86
232 235 86
189 286 27
91 208 36
37 202 92
295 275 72
221 89 62
150 23 50
61 287 23
66 195 66
117 288 71
300 0 44
220 74 72
140 244 82
232 165 29
157 187 100
219 74 26
280 285 30
38 172 35
100 6 95
186 287 69
101 153 48
159 283 93
114 48 54
221 28 40
211 242 63
41 173 35
139 47 74
132 103 88
233 102 31
276 115 51
235 277 30
136 31 31
3 95 74
19 42 76
184 4 44
84 104 25
52 73 29
294 88 53
19 267 63
189 243 48
206 94 96
272 161 88
232 268 29
292 143 95
142 53 94
66 210 97
76 161 95
124 299 35
125 300 69
171 186 37
278 233 48
184 197 57
32 169 69
133 147 20
82 188 44
289 279 60
197 287 82
236 263 71
