119
50 50 49 50
50 55 43 55
50 60 38 60
50 65 49 65
50 70 49 70
50 75 48 75
50 80 49 80
50 85 49 85
50 90 39 90
50 95 48 95
50 100 39 100
55 50 44 50
55 55 52 55
55 60 51 60
55 65 52 65
55 70 48 70
55 75 53 75
55 80 51 80
55 85 53 85
55 90 53 90
55 95 49 95
55 100 53 100
60 50 57 50
60 55 58 55
60 60 58 60
60 65 58 65
60 70 50 70
60 75 58 75
60 80 57 80
60 85 58 85
60 90 58 90
60 95 58 95
60 100 58 100
65 50 62 50
65 55 63 55
65 60 62 60
65 70 63 70
65 75 45 75
65 80 63 80
65 85 61 85
65 90 63 90
65 95 62 95
65 100 62 100
70 50 68 50
70 55 67 55
70 60 67 60
70 65 68 65
70 70 55 70
70 75 67 75
70 80 67 80
70 85 58 85
70 90 68 90
70 95 68 95
70 100 68 100
75 50 73 50
75 55 73 55
75 60 73 60
75 65 70 65
75 70 71 70
75 75 70 75
75 80 69 80
75 85 73 85
75 90 73 90
75 95 70 95
75 100 71 100
80 50 78 50
80 55 78 55
80 60 77 60
80 65 78 65
80 70 60 70
80 75 78 75
80 80 78 80
80 85 78 85
80 90 78 90
80 95 76 95
80 100 78 100
85 50 83 50
85 55 83 55
85 60 81 60
85 65 80 65
85 70 83 70
85 75 73 75
85 80 72 80
85 85 83 85
85 90 83 90
85 95 83 95
85 100 60 100
90 50 85 50
90 55 88 55
90 60 88 60
90 65 88 65
90 70 87 70
90 75 88 75
90 80 88 80
90 85 88 85
90 90 88 90
90 95 88 95
90 100 88 100
95 50 93 50
95 55 92 55
95 60 93 60
95 65 93 65
95 70 93 70
95 75 90 75
95 80 93 80
95 85 93 85
95 90 92 90
95 95 93 95
95 100 93 100
100 50 95 50
100 60 98 60
100 65 96 65
100 70 80 70
100 75 98 75
100 80 97 80
100 85 97 85
100 90 98 90
100 95 98 95
100 100 97 100
