Frame: 0
52.4677 53.1452
52.7529 50.1765
53.6301 53.6712
54.1912 52.3824
53.1707 51.7683
51.8806 54.0896
62.087 56.4783
50.9219 50.9531
53.2564 51.2564
63.35 53
50.4333 50.65
54.5167 52.5
57.9655 55.7931
50.0364 53.5273
52.7821 52.2436
50.8841 52.2464
52.4235 52.0353
58.4286 53.7143
58.1923 52.3846
51.9798 52.4141
50.8696 51.2174
50.5294 55.3529
50.4262 51.4262
55.2407 54.2407
50.5556 55.1481
52.9583 52.0729
50.2234 50.6915
50.5532 52.4149
60.6071 51
52.4833 53.1167
53.3333 51.8039
51.1538 51.859
61.12 58.72
52.9574 51.4043
50.625 52.2656
51.6056 51.831
51.5714 50.3061
54.8525 50.3115
51.1818 51.2955
51.3571 54.7857
50.3509 52.6667
52.3488 52.2326
52.6977 52.7326
57 60.5926
52.5278 55.7778
50.4022 52.1957
54.0972 53.8194
53.5645 51.4355
53 50.46
52.6522 62.4783
51 52.9545
51.6479 54.0563
56.8182 50
53.0556 51.0278
51.7073 52.9756
58 55.6897
51.57 51.87
58.4231 52.8462
59.3333 59.5
51.0857 54.9143
51.0526 50.0632
52.6957 54.1594
52.1042 53.1875
51.7097 53.043
52.1111 50.8889
55.525 50.7
53.3492 53.8413
51.1714 54.9429
51.8784 50.6351
51.5 51.1705
57.5161 53.2903
55.4118 52.2549
57.8333 59.2333
54.3871 51
50.0405 51.2838
50.25 50.5526
54.1818 50.0909
53.36 54.16
51.7931 52.5172
55.5472 51.6604
50.3016 54.2381
53.9375 55.0625
52.1458 50.9792
53.0909 51.8295
58 59.2414
53.0737 51.5053
51.5106 50.5638
50.6804 52.1649
50.8 51.6947
53.5429 58.5429
51.8116 54.3478
54.6216 55.027
55.7917 54.8542
53.2281 53.4561
50.4638 52.4493
56.65 57.35
51.8636 54.2727
54.8167 54.65
52.4024 53.5
53.3239 53.7042
Frame: 1
52.4677 51.5323
52.7529 49
53.6301 52.3014
54.1912 50.9118
53.1707 50.5488
51.8806 52.597
62.087 52.1304
50.9219 49.3906
53.2564 48.6923
63.35 48
50.4333 48.9833
54.5167 50.8333
57.9655 52.3448
50.0364 51.7091
52.7821 50.9615
50.8841 50.7971
52.4235 50.8588
58.4286 50.8571
58.1923 48.5385
51.9798 51.404
50.8696 46.8696
50.5294 53.3922
50.4262 49.7869
55.2407 52.3889
50.5556 51.4444
52.9583 51.0313
50.2234 49.6277
50.5532 51.3511
60.6071 47.4286
52.4833 51.45
53.3333 49.8431
51.1538 50.5769
61.12 54.72
52.9574 50.3404
50.625 50.7031
51.6056 50.4225
51.5714 49.2857
54.8525 48.6721
51.1818 50.1591
51.3571 53
50.3509 50.9123
52.3488 51.0698
52.6977 51.5698
57 56.8889
52.5278 53
50.4022 51.1087
54.0972 52.4306
53.5645 49.8226
53 48.46
52.6522 58.1304
51 51.4394
51.6479 52.6479
56.8182 47.7273
53.0556 49.6389
51.7073 51.7561
58 52.2414
51.57 50.87
58.4231 49
59.3333 56.1667
51.0857 52.0571
51.0526 49.0105
52.6957 52.7101
52.1042 51.1042
51.7097 51.9677
52.1111 49.037
55.525 48.2
53.3492 52.254
51.1714 52.0857
51.8784 49.2838
51.5 50.0341
57.5161 50.0645
55.4118 50.2941
57.8333 55.9
54.3871 47.7742
50.0405 49.9324
50.25 49.2368
54.1818 47.8182
53.36 50.16
51.7931 49.069
55.5472 49.7736
50.3016 52.6508
53.9375 52.9792
52.1458 49.9375
53.0909 50.6932
58 55.7931
53.0737 50.4526
51.5106 49.5
50.6804 51.134
50.8 50.6421
53.5429 55.6857
51.8116 52.8986
54.6216 52.3243
55.7917 52.7708
53.2281 51.7018
50.4638 51
56.65 52.35
51.8636 52
54.8167 52.9833
52.4024 52.2805
53.3239 52.2958
Frame: 2
52.4677 49.9194
52.7529 47.8235
53.6301 50.9315
54.1912 49.4412
53.1707 49.3293
51.8806 51.1045
62.087 47.7826
50.9219 47.8281
53.2564 46.1282
63.35 43
50.4333 47.3167
54.5167 49.1667
57.9655 48.8966
50.0364 49.8909
52.7821 49.6795
50.8841 49.3478
52.4235 49.6824
58.4286 48
58.1923 44.6923
51.9798 50.3939
50.8696 42.5217
50.5294 51.4314
50.4262 48.1475
55.2407 50.537
50.5556 47.7407
52.9583 49.9896
50.2234 48.5638
50.5532 50.2872
60.6071 43.8571
52.4833 49.7833
53.3333 47.8824
51.1538 49.2949
61.12 50.72
52.9574 49.2766
50.625 49.1406
51.6056 49.0141
51.5714 48.2653
54.8525 47.0328
51.1818 49.0227
51.3571 51.2143
50.3509 49.1579
52.3488 49.907
52.6977 50.407
57 53.1852
52.5278 50.2222
50.4022 50.0217
54.0972 51.0417
53.5645 48.2097
53 46.46
52.6522 53.7826
51 49.9242
51.6479 51.2394
56.8182 45.4545
53.0556 48.25
51.7073 50.5366
58 48.7931
51.57 49.87
58.4231 45.1538
59.3333 52.8333
51.0857 49.2
51.0526 47.9579
52.6957 51.2609
52.1042 49.0208
51.7097 50.8925
52.1111 47.1852
55.525 45.7
53.3492 50.6667
51.1714 49.2286
51.8784 47.9324
51.5 48.8977
57.5161 46.8387
55.4118 48.3333
57.8333 52.5667
54.3871 44.5484
50.0405 48.5811
50.25 47.9211
54.1818 45.5455
53.36 46.16
51.7931 45.6207
55.5472 47.8868
50.3016 51.0635
53.9375 50.8958
52.1458 48.8958
53.0909 49.5568
58 52.3448
53.0737 49.4
51.5106 48.4362
50.6804 50.1031
50.8 49.5895
53.5429 52.8286
51.8116 51.4493
54.6216 49.6216
55.7917 50.6875
53.2281 49.9474
50.4638 49.5507
56.65 47.35
51.8636 49.7273
54.8167 51.3167
52.4024 51.061
53.3239 50.8873
Frame: 3
51.6613 51.5323
52.1647 49
52.9452 52.3014
53.4559 50.9118
52.561 50.5488
51.1343 52.597
59.913 52.1304
50.1406 49.3906
51.9744 48.6923
60.85 48
49.6 48.9833
53.6833 50.8333
56.2414 52.3448
49.1273 51.7091
52.141 50.9615
50.1594 50.7971
51.8353 50.8588
57 50.8571
56.2692 48.5385
51.4747 51.404
48.6957 46.8696
49.549 53.3922
49.6066 49.7869
54.3148 52.3889
48.7037 51.4444
52.4375 51.0313
49.6915 49.6277
50.0213 51.3511
58.8214 47.4286
51.65 51.45
52.3529 49.8431
50.5128 50.5769
59.12 54.72
52.4255 50.3404
49.8438 50.7031
50.9014 50.4225
51.0612 49.2857
54.0328 48.6721
50.6136 50.1591
50.4643 53
49.4737 50.9123
51.7674 51.0698
52.1163 51.5698
55.1481 56.8889
51.1389 53
49.8587 51.1087
53.4028 52.4306
52.7581 49.8226
52 48.46
50.4783 58.1304
50.2424 51.4394
50.9437 52.6479
55.6818 47.7273
52.3611 49.6389
51.0976 51.7561
56.2759 52.2414
51.07 50.87
56.5 49
57.6667 56.1667
49.6571 52.0571
50.5263 49.0105
51.971 52.7101
51.0625 51.1042
51.172 51.9677
51.1852 49.037
54.275 48.2
52.5556 52.254
49.7429 52.0857
51.2027 49.2838
50.9318 50.0341
55.9032 50.0645
54.4314 50.2941
56.1667 55.9
52.7742 47.7742
49.3649 49.9324
49.5921 49.2368
53.0455 47.8182
51.36 50.16
50.069 49.069
54.6038 49.7736
49.5079 52.6508
52.8958 52.9792
51.625 49.9375
52.5227 50.6932
56.2759 55.7931
52.5474 50.4526
50.9787 49.5
50.1649 51.134
50.2737 50.6421
52.1143 55.6857
51.087 52.8986
53.2703 52.3243
54.75 52.7708
52.3509 51.7018
49.7391 51
54.15 52.35
50.7273 52
53.9833 52.9833
51.7927 52.2805
52.6197 52.2958
Frame: 4
51.6613 49.9194
52.1647 47.8235
52.9452 50.9315
53.4559 49.4412
52.561 49.3293
51.1343 51.1045
59.913 47.7826
50.1406 47.8281
51.9744 46.1282
60.85 43
49.6 47.3167
53.6833 49.1667
56.2414 48.8966
49.1273 49.8909
52.141 49.6795
50.1594 49.3478
51.8353 49.6824
57 48
56.2692 44.6923
51.4747 50.3939
48.6957 42.5217
49.549 51.4314
49.6066 48.1475
54.3148 50.537
48.7037 47.7407
52.4375 49.9896
49.6915 48.5638
50.0213 50.2872
58.8214 43.8571
51.65 49.7833
52.3529 47.8824
50.5128 49.2949
59.12 50.72
52.4255 49.2766
49.8438 49.1406
50.9014 49.0141
51.0612 48.2653
54.0328 47.0328
50.6136 49.0227
50.4643 51.2143
49.4737 49.1579
51.7674 49.907
52.1163 50.407
55.1481 53.1852
51.1389 50.2222
49.8587 50.0217
53.4028 51.0417
52.7581 48.2097
52 46.46
50.4783 53.7826
50.2424 49.9242
50.9437 51.2394
55.6818 45.4545
52.3611 48.25
51.0976 50.5366
56.2759 48.7931
51.07 49.87
56.5 45.1538
57.6667 52.8333
49.6571 49.2
50.5263 47.9579
51.971 51.2609
51.0625 49.0208
51.172 50.8925
51.1852 47.1852
54.275 45.7
52.5556 50.6667
49.7429 49.2286
51.2027 47.9324
50.9318 48.8977
55.9032 46.8387
54.4314 48.3333
56.1667 52.5667
52.7742 44.5484
49.3649 48.5811
49.5921 47.9211
53.0455 45.5455
51.36 46.16
50.069 45.6207
54.6038 47.8868
49.5079 51.0635
52.8958 50.8958
51.625 48.8958
52.5227 49.5568
56.2759 52.3448
52.5474 49.4
50.9787 48.4362
50.1649 50.1031
50.2737 49.5895
52.1143 52.8286
51.087 51.4493
53.2703 49.6216
54.75 50.6875
52.3509 49.9474
49.7391 49.5507
54.15 47.35
50.7273 49.7273
53.9833 51.3167
51.7927 51.061
52.6197 50.8873
Frame: 5
52.4677 49.1129
52.7529 47.2353
53.6301 50.2466
54.1912 48.7059
53.1707 48.7195
51.8806 50.3582
62.087 45.6087
50.9219 47.0469
53.2564 44.8462
63.35 40.5
50.4333 46.4833
54.5167 48.3333
57.9655 47.1724
50.0364 48.9818
52.7821 49.0385
50.8841 48.6232
52.4235 49.0941
58.4286 46.5714
58.1923 42.7692
51.9798 49.8889
50.8696 40.3478
50.5294 50.451
50.4262 47.3279
55.2407 49.6111
50.5556 45.8889
52.9583 49.4688
50.2234 48.0319
50.5532 49.7553
60.6071 42.0714
52.4833 48.95
53.3333 46.902
51.1538 48.6538
61.12 48.72
52.9574 48.7447
50.625 48.3594
51.6056 48.3099
51.5714 47.7551
54.8525 46.2131
51.1818 48.4545
51.3571 50.3214
50.3509 48.2807
52.3488 49.3256
52.6977 49.8256
57 51.3333
52.5278 48.8333
50.4022 49.4783
54.0972 50.3472
53.5645 47.4032
53 45.46
52.6522 51.6087
51 49.1667
51.6479 50.5352
56.8182 44.3182
53.0556 47.5556
51.7073 49.9268
58 47.069
51.57 49.37
58.4231 43.2308
59.3333 51.1667
51.0857 47.7714
51.0526 47.4316
52.6957 50.5362
52.1042 47.9792
51.7097 50.3548
52.1111 46.2593
55.525 44.45
53.3492 49.873
51.1714 47.8
51.8784 47.2568
51.5 48.3295
57.5161 45.2258
55.4118 47.3529
57.8333 50.9
54.3871 42.9355
50.0405 47.9054
50.25 47.2632
54.1818 44.4091
53.36 44.16
51.7931 43.8966
55.5472 46.9434
50.3016 50.2698
53.9375 49.8542
52.1458 48.375
53.0909 48.9886
58 50.6207
53.0737 48.8737
51.5106 47.9043
50.6804 49.5876
50.8 49.0632
53.5429 51.4
51.8116 50.7246
54.6216 48.2703
55.7917 49.6458
53.2281 49.0702
50.4638 48.8261
56.65 44.85
51.8636 48.5909
54.8167 50.4833
52.4024 50.4512
53.3239 50.1831
Frame: 6
51.3387 49.1129
51.9294 47.2353
52.6712 50.2466
53.1618 48.7059
52.3171 48.7195
50.8358 50.3582
59.0435 45.6087
49.8281 47.0469
51.4615 44.8462
59.85 40.5
49.2667 46.4833
53.35 48.3333
55.5517 47.1724
48.7636 48.9818
51.8846 49.0385
49.8696 48.6232
51.6 49.0941
56.4286 46.5714
55.5 42.7692
51.2727 49.8889
47.8261 40.3478
49.1569 50.451
49.2787 47.3279
53.9444 49.6111
47.963 45.8889
52.2292 49.4688
49.4787 48.0319
49.8085 49.7553
58.1071 42.0714
51.3167 48.95
51.9608 46.902
50.2564 48.6538
58.32 48.72
52.2128 48.7447
49.5313 48.3594
50.6197 48.3099
50.8571 47.7551
53.7049 46.2131
50.3864 48.4545
50.1071 50.3214
49.1228 48.2807
51.5349 49.3256
51.8837 49.8256
54.4074 51.3333
50.5833 48.8333
49.6413 49.4783
53.125 50.3472
52.4355 47.4032
51.6 45.46
49.6087 51.6087
49.9394 49.1667
50.662 50.5352
55.2273 44.3182
52.0833 47.5556
50.8537 49.9268
55.5862 47.069
50.87 49.37
55.7308 43.2308
57 51.1667
49.0857 47.7714
50.3158 47.4316
51.6812 50.5362
50.6458 47.9792
50.957 50.3548
50.8148 46.2593
53.775 44.45
52.2381 49.873
49.1714 47.8
50.9324 47.2568
50.7045 48.3295
55.2581 45.2258
54.0392 47.3529
55.5 50.9
52.129 42.9355
49.0946 47.9054
49.3289 47.2632
52.5909 44.4091
50.56 44.16
49.3793 43.8966
54.2264 46.9434
49.1905 50.2698
52.4792 49.8542
51.4167 48.375
52.2955 48.9886
55.5862 50.6207
52.3368 48.8737
50.766 47.9043
49.9588 49.5876
50.0632 49.0632
51.5429 51.4
50.7971 50.7246
52.7297 48.2703
54.3333 49.6458
52 49.0702
49.4493 48.8261
53.15 44.85
50.2727 48.5909
53.65 50.4833
51.5488 50.4512
52.338 50.1831
Frame: 7
52.7903 49.4355
52.9882 47.4706
53.9041 50.5205
54.4853 49
53.4146 48.9634
52.1791 50.6567
62.9565 46.4783
51.2344 47.3594
53.7692 45.359
64.35 41.5
50.7667 46.8167
54.85 48.6667
58.6552 47.8621
50.4 49.3455
53.0385 49.2949
51.1739 48.913
52.6588 49.3294
59 47.1429
58.9615 43.5385
52.1818 50.0909
51.7391 41.2174
50.9216 50.8431
50.7541 47.6557
55.6111 49.9815
51.2963 46.6296
53.1667 49.6771
50.4362 48.2447
50.766 49.9681
61.3214 42.7857
52.8167 49.2833
53.7255 47.2941
51.4103 48.9103
61.92 49.52
53.1702 48.9574
50.9375 48.6719
51.8873 48.5915
51.7755 47.9592
55.1803 46.541
51.4091 48.6818
51.7143 50.6786
50.7018 48.6316
52.5814 49.5581
52.9302 50.0581
57.7407 52.0741
53.0833 49.3889
50.6196 49.6957
54.375 50.625
53.8871 47.7258
53.4 45.86
53.5217 52.4783
51.303 49.4697
51.9296 50.8169
57.2727 44.7727
53.3333 47.8333
51.9512 50.1707
58.6897 47.7586
51.77 49.57
59.1923 44
60 51.8333
51.6571 48.3429
51.2632 47.6421
52.9855 50.8261
52.5208 48.3958
51.9247 50.5699
52.4815 46.6296
56.025 44.95
53.6667 50.1905
51.7429 48.3714
52.1486 47.527
51.7273 48.5568
58.1613 45.871
55.8039 47.7451
58.5 51.5667
55.0323 43.5806
50.3108 48.1757
50.5132 47.5263
54.6364 44.8636
54.16 44.96
52.4828 44.5862
55.9245 47.3208
50.619 50.5873
54.3542 50.2708
52.3542 48.5833
53.3182 49.2159
58.6897 51.3103
53.2842 49.0842
51.7234 48.117
50.8866 49.7938
51.0105 49.2737
54.1143 51.9714
52.1014 51.0145
55.1622 48.8108
56.2083 50.0625
53.5789 49.4211
50.7536 49.1159
57.65 45.85
52.3182 49.0455
55.15 50.8167
52.6463 50.6951
53.6056 50.4648
Frame: 8
52.7903 49.9194
52.9882 47.8235
53.9041 50.9315
54.4853 49.4412
53.4146 49.3293
52.1791 51.1045
62.9565 47.7826
51.2344 47.8281
53.7692 46.1282
64.35 43
50.7667 47.3167
54.85 49.1667
58.6552 48.8966
50.4 49.8909
53.0385 49.6795
51.1739 49.3478
52.6588 49.6824
59 48
58.9615 44.6923
52.1818 50.3939
51.7391 42.5217
50.9216 51.4314
50.7541 48.1475
55.6111 50.537
51.2963 47.7407
53.1667 49.9896
50.4362 48.5638
50.766 50.2872
61.3214 43.8571
52.8167 49.7833
53.7255 47.8824
51.4103 49.2949
61.92 50.72
53.1702 49.2766
50.9375 49.1406
51.8873 49.0141
51.7755 48.2653
55.1803 47.0328
51.4091 49.0227
51.7143 51.2143
50.7018 49.1579
52.5814 49.907
52.9302 50.407
57.7407 53.1852
53.0833 50.2222
50.6196 50.0217
54.375 51.0417
53.8871 48.2097
53.4 46.46
53.5217 53.7826
51.303 49.9242
51.9296 51.2394
57.2727 45.4545
53.3333 48.25
51.9512 50.5366
58.6897 48.7931
51.77 49.87
59.1923 45.1538
60 52.8333
51.6571 49.2
51.2632 47.9579
52.9855 51.2609
52.5208 49.0208
51.9247 50.8925
52.4815 47.1852
56.025 45.7
53.6667 50.6667
51.7429 49.2286
52.1486 47.9324
51.7273 48.8977
58.1613 46.8387
55.8039 48.3333
58.5 52.5667
55.0323 44.5484
50.3108 48.5811
50.5132 47.9211
54.6364 45.5455
54.16 46.16
52.4828 45.6207
55.9245 47.8868
50.619 51.0635
54.3542 50.8958
52.3542 48.8958
53.3182 49.5568
58.6897 52.3448
53.2842 49.4
51.7234 48.4362
50.8866 50.1031
51.0105 49.5895
54.1143 52.8286
52.1014 51.4493
55.1622 49.6216
56.2083 50.6875
53.5789 49.9474
50.7536 49.5507
57.65 47.35
52.3182 49.7273
55.15 51.3167
52.6463 51.061
53.6056 50.8873
Frame: 9
52.629 51.5323
52.8706 49
53.7671 52.3014
54.3382 50.9118
53.2927 50.5488
52.0299 52.597
62.5217 52.1304
51.0781 49.3906
53.5128 48.6923
63.85 48
50.6 48.9833
54.6833 50.8333
58.3103 52.3448
50.2182 51.7091
52.9103 50.9615
51.029 50.7971
52.5412 50.8588
58.7143 50.8571
58.5769 48.5385
52.0808 51.404
51.3043 46.8696
50.7255 53.3922
50.5902 49.7869
55.4259 52.3889
50.9259 51.4444
53.0625 51.0313
50.3298 49.6277
50.6596 51.3511
60.9643 47.4286
52.65 51.45
53.5294 49.8431
51.2821 50.5769
61.52 54.72
53.0638 50.3404
50.7813 50.7031
51.7465 50.4225
51.6735 49.2857
55.0164 48.6721
51.2955 50.1591
51.5357 53
50.5263 50.9123
52.4651 51.0698
52.814 51.5698
57.3704 56.8889
52.8056 53
50.5109 51.1087
54.2361 52.4306
53.7258 49.8226
53.2 48.46
53.087 58.1304
51.1515 51.4394
51.7887 52.6479
57.0455 47.7273
53.1944 49.6389
51.8293 51.7561
58.3448 52.2414
51.67 50.87
58.8077 49
59.6667 56.1667
51.3714 52.0571
51.1579 49.0105
52.8406 52.7101
52.3125 51.1042
51.8172 51.9677
52.2963 49.037
55.775 48.2
53.5079 52.254
51.4571 52.0857
52.0135 49.2838
51.6136 50.0341
57.8387 50.0645
55.6078 50.2941
58.1667 55.9
54.7097 47.7742
50.1757 49.9324
50.3816 49.2368
54.4091 47.8182
53.76 50.16
52.1379 49.069
55.7358 49.7736
50.4603 52.6508
54.1458 52.9792
52.25 49.9375
53.2045 50.6932
58.3448 55.7931
53.1789 50.4526
51.617 49.5
50.7835 51.134
50.9053 50.6421
53.8286 55.6857
51.9565 52.8986
54.8919 52.3243
56 52.7708
53.4035 51.7018
50.6087 51
57.15 52.35
52.0909 52
54.9833 52.9833
52.5244 52.2805
53.4648 52.2958
Frame: 10
52.9516 51.5323
53.1059 49
54.0411 52.3014
54.6324 50.9118
53.5366 50.5488
52.3284 52.597
63.3913 52.1304
51.3906 49.3906
54.0256 48.6923
64.85 48
50.9333 48.9833
55.0167 50.8333
59 52.3448
50.5818 51.7091
53.1667 50.9615
51.3188 50.7971
52.7765 50.8588
59.2857 50.8571
59.3462 48.5385
52.2828 51.404
52.1739 46.8696
51.1176 53.3922
50.918 49.7869
55.7963 52.3889
51.6667 51.4444
53.2708 51.0313
50.5426 49.6277
50.8723 51.3511
61.6786 47.4286
52.9833 51.45
53.9216 49.8431
51.5385 50.5769
62.32 54.72
53.2766 50.3404
51.0938 50.7031
52.0282 50.4225
51.8776 49.2857
55.3443 48.6721
51.5227 50.1591
51.8929 53
50.8772 50.9123
52.6977 51.0698
53.0465 51.5698
58.1111 56.8889
53.3611 53
50.7283 51.1087
54.5139 52.4306
54.0484 49.8226
53.6 48.46
53.9565 58.1304
51.4545 51.4394
52.0704 52.6479
57.5 47.7273
53.4722 49.6389
52.0732 51.7561
59.0345 52.2414
51.87 50.87
59.5769 49
60.3333 56.1667
51.9429 52.0571
51.3684 49.0105
53.1304 52.7101
52.7292 51.1042
52.0323 51.9677
52.6667 49.037
56.275 48.2
53.8254 52.254
52.0286 52.0857
52.2838 49.2838
51.8409 50.0341
58.4839 50.0645
56 50.2941
58.8333 55.9
55.3548 47.7742
50.4459 49.9324
50.6447 49.2368
54.8636 47.8182
54.56 50.16
52.8276 49.069
56.1132 49.7736
50.7778 52.6508
54.5625 52.9792
52.4583 49.9375
53.4318 50.6932
59.0345 55.7931
53.3895 50.4526
51.8298 49.5
50.9897 51.134
51.1158 50.6421
54.4 55.6857
52.2464 52.8986
55.4324 52.3243
56.4167 52.7708
53.7544 51.7018
50.8986 51
58.15 52.35
52.5455 52
55.3167 52.9833
52.7683 52.2805
53.7465 52.2958
Frame: 11
52.9516 51.2097
53.1059 48.7647
54.0411 52.0274
54.6324 50.6176
53.5366 50.3049
52.3284 52.2985
63.3913 51.2609
51.3906 49.0781
54.0256 48.1795
64.85 47
50.9333 48.65
55.0167 50.5
59 51.6552
50.5818 51.3455
53.1667 50.7051
51.3188 50.5072
52.7765 50.6235
59.2857 50.2857
59.3462 47.7692
52.2828 51.202
52.1739 46
51.1176 53
50.918 49.459
55.7963 52.0185
51.6667 50.7037
53.2708 50.8229
50.5426 49.4149
50.8723 51.1383
61.6786 46.7143
52.9833 51.1167
53.9216 49.451
51.5385 50.3205
62.32 53.92
53.2766 50.1277
51.0938 50.3906
52.0282 50.1408
51.8776 49.0816
55.3443 48.3443
51.5227 49.9318
51.8929 52.6429
50.8772 50.5614
52.6977 50.8372
53.0465 51.3372
58.1111 56.1481
53.3611 52.4444
50.7283 50.8913
54.5139 52.1528
54.0484 49.5
53.6 48.06
53.9565 57.2609
51.4545 51.1364
52.0704 52.3662
57.5 47.2727
53.4722 49.3611
52.0732 51.5122
59.0345 51.5517
51.87 50.67
59.5769 48.2308
60.3333 55.5
51.9429 51.4857
51.3684 48.8
53.1304 52.4203
52.7292 50.6875
52.0323 51.7527
52.6667 48.6667
56.275 47.7
53.8254 51.9365
52.0286 51.5143
52.2838 49.0135
51.8409 49.8068
58.4839 49.4194
56 49.902
58.8333 55.2333
55.3548 47.129
50.4459 49.6622
50.6447 48.9737
54.8636 47.3636
54.56 49.36
52.8276 48.3793
56.1132 49.3962
50.7778 52.3333
54.5625 52.5625
52.4583 49.7292
53.4318 50.4659
59.0345 55.1034
53.3895 50.2421
51.8298 49.2872
50.9897 50.9278
51.1158 50.4316
54.4 55.1143
52.2464 52.6087
55.4324 51.7838
56.4167 52.3542
53.7544 51.3509
50.8986 50.7101
58.15 51.35
52.5455 51.5455
55.3167 52.65
52.7683 52.0366
53.7465 52.0141
Frame: 12
53.0323 51.371
53.1647 48.8824
54.1096 52.1644
54.7059 50.7647
53.5976 50.4268
52.403 52.4478
63.6087 51.6957
51.4688 49.2344
54.1538 48.4359
65.1 47.5
51.0167 48.8167
55.1 50.6667
59.1724 52
50.6727 51.5273
53.2308 50.8333
51.3913 50.6522
52.8353 50.7412
59.4286 50.5714
59.5385 48.1538
52.3333 51.303
52.3913 46.4348
51.2157 53.1961
51 49.623
55.8889 52.2037
51.8519 51.0741
53.3229 50.9271
50.5957 49.5213
50.9255 51.2447
61.8571 47.0714
53.0667 51.2833
54.0196 49.6471
51.6026 50.4487
62.52 54.32
53.3298 50.234
51.1719 50.5469
52.0986 50.2817
51.9286 49.1837
55.4262 48.5082
51.5795 50.0455
51.9821 52.8214
50.9649 50.7368
52.7558 50.9535
53.1047 51.4535
58.2963 56.5185
53.5 52.7222
50.7826 51
54.5833 52.2917
54.129 49.6613
53.7 48.26
54.1739 57.6957
51.5303 51.2879
52.1408 52.507
57.6136 47.5
53.5417 49.5
52.1341 51.6341
59.2069 51.8966
51.92 50.77
59.7692 48.6154
60.5 55.8333
52.0857 51.7714
51.4211 48.9053
53.2029 52.5652
52.8333 50.8958
52.086 51.8602
52.7593 48.8519
56.4 47.95
53.9048 52.0952
52.1714 51.8
52.3514 49.1486
51.8977 49.9205
58.6452 49.7419
56.098 50.098
59 55.5667
55.5161 47.4516
50.5135 49.7973
50.7105 49.1053
54.9773 47.5909
54.76 49.76
53 48.7241
56.2075 49.5849
50.8571 52.4921
54.6667 52.7708
52.5104 49.8333
53.4886 50.5795
59.2069 55.4483
53.4421 50.3474
51.883 49.3936
51.0412 51.0309
51.1684 50.5368
54.5429 55.4
52.3188 52.7536
55.5676 52.0541
56.5208 52.5625
53.8421 51.5263
50.971 50.8551
58.4 51.85
52.6591 51.7727
55.4 52.8167
52.8293 52.1585
53.8169 52.1549
Frame: 13
53.0323 52.3387
53.1647 49.5882
54.1096 52.9863
54.7059 51.6471
53.5976 51.1585
52.403 53.3433
63.6087 54.3043
51.4688 50.1719
54.1538 49.9744
65.1 50.5
51.0167 49.8167
55.1 51.6667
59.1724 54.069
50.6727 52.6182
53.2308 51.6026
51.3913 51.5217
52.8353 51.4471
59.4286 52.2857
59.5385 50.4615
52.3333 51.9091
52.3913 49.0435
51.2157 54.3725
51 50.6066
55.8889 53.3148
51.8519 53.2963
53.3229 51.5521
50.5957 50.1596
50.9255 51.883
61.8571 49.2143
53.0667 52.2833
54.0196 50.8235
51.6026 51.2179
62.52 56.72
53.3298 50.8723
51.1719 51.4844
52.0986 51.1268
51.9286 49.7959
55.4262 49.4918
51.5795 50.7273
51.9821 53.8929
50.9649 51.7895
52.7558 51.6512
53.1047 52.1512
58.2963 58.7407
53.5 54.3889
50.7826 51.6522
54.5833 53.125
54.129 50.629
53.7 49.46
54.1739 60.3043
51.5303 52.197
52.1408 53.3521
57.6136 48.8636
53.5417 50.3333
52.1341 52.3659
59.2069 53.9655
51.92 51.37
59.7692 50.9231
60.5 57.8333
52.0857 53.4857
51.4211 49.5368
53.2029 53.4348
52.8333 52.1458
52.086 52.5054
52.7593 49.963
56.4 49.45
53.9048 53.0476
52.1714 53.5143
52.3514 49.9595
51.8977 50.6023
58.6452 51.6774
56.098 51.2745
59 57.5667
55.5161 49.3871
50.5135 50.6081
50.7105 49.8947
54.9773 48.9545
54.76 52.16
53 50.7931
56.2075 50.717
50.8571 53.4444
54.6667 54.0208
52.5104 50.4583
53.4886 51.2614
59.2069 57.5172
53.4421 50.9789
51.883 50.0319
51.0412 51.6495
51.1684 51.1684
54.5429 57.1143
52.3188 53.6232
55.5676 53.6757
56.5208 53.8125
53.8421 52.5789
50.971 51.7246
58.4 54.85
52.6591 53.1364
55.4 53.8167
52.8293 52.8902
53.8169 53
Frame: 14
52.9516 53.1452
53.1059 50.1765
54.0411 53.6712
54.6324 52.3824
53.5366 51.7683
52.3284 54.0896
63.3913 56.4783
51.3906 50.9531
54.0256 51.2564
64.85 53
50.9333 50.65
55.0167 52.5
59 55.7931
50.5818 53.5273
53.1667 52.2436
51.3188 52.2464
52.7765 52.0353
59.2857 53.7143
59.3462 52.3846
52.2828 52.4141
52.1739 51.2174
51.1176 55.3529
50.918 51.4262
55.7963 54.2407
51.6667 55.1481
53.2708 52.0729
50.5426 50.6915
50.8723 52.4149
61.6786 51
52.9833 53.1167
53.9216 51.8039
51.5385 51.859
62.32 58.72
53.2766 51.4043
51.0938 52.2656
52.0282 51.831
51.8776 50.3061
55.3443 50.3115
51.5227 51.2955
51.8929 54.7857
50.8772 52.6667
52.6977 52.2326
53.0465 52.7326
58.1111 60.5926
53.3611 55.7778
50.7283 52.1957
54.5139 53.8194
54.0484 51.4355
53.6 50.46
53.9565 62.4783
51.4545 52.9545
52.0704 54.0563
57.5 50
53.4722 51.0278
52.0732 52.9756
59.0345 55.6897
51.87 51.87
59.5769 52.8462
60.3333 59.5
51.9429 54.9143
51.3684 50.0632
53.1304 54.1594
52.7292 53.1875
52.0323 53.043
52.6667 50.8889
56.275 50.7
53.8254 53.8413
52.0286 54.9429
52.2838 50.6351
51.8409 51.1705
58.4839 53.2903
56 52.2549
58.8333 59.2333
55.3548 51
50.4459 51.2838
50.6447 50.5526
54.8636 50.0909
54.56 54.16
52.8276 52.5172
56.1132 51.6604
50.7778 54.2381
54.5625 55.0625
52.4583 50.9792
53.4318 51.8295
59.0345 59.2414
53.3895 51.5053
51.8298 50.5638
50.9897 52.1649
51.1158 51.6947
54.4 58.5429
52.2464 54.3478
55.4324 55.027
56.4167 54.8542
53.7544 53.4561
50.8986 52.4493
58.15 57.35
52.5455 54.2727
55.3167 54.65
52.7683 53.5
53.7465 53.7042
Frame: 15
52.7903 53.7903
52.9882 50.6471
53.9041 54.2192
54.4853 52.9706
53.4146 52.2561
52.1791 54.6866
62.9565 58.2174
51.2344 51.5781
53.7692 52.2821
64.35 55
50.7667 51.3167
54.85 53.1667
58.6552 57.1724
50.4 54.2545
53.0385 52.7564
51.1739 52.8261
52.6588 52.5059
59 54.8571
58.9615 53.9231
52.1818 52.8182
51.7391 52.9565
50.9216 56.1373
50.7541 52.082
55.6111 54.9815
51.2963 56.6296
53.1667 52.4896
50.4362 51.117
50.766 52.8404
61.3214 52.4286
52.8167 53.7833
53.7255 52.5882
51.4103 52.3718
61.92 60.32
53.1702 51.8298
50.9375 52.8906
51.8873 52.3944
51.7755 50.7143
55.1803 50.9672
51.4091 51.75
51.7143 55.5
50.7018 53.3684
52.5814 52.6977
52.9302 53.1977
57.7407 62.0741
53.0833 56.8889
50.6196 52.6304
54.375 54.375
53.8871 52.0806
53.4 51.26
53.5217 64.2174
51.303 53.5606
51.9296 54.6197
57.2727 50.9091
53.3333 51.5833
51.9512 53.4634
58.6897 57.069
51.77 52.27
59.1923 54.3846
60 60.8333
51.6571 56.0571
51.2632 50.4842
52.9855 54.7391
52.5208 54.0208
51.9247 53.4731
52.4815 51.6296
56.025 51.7
53.6667 54.4762
51.7429 56.0857
52.1486 51.1757
51.7273 51.625
58.1613 54.5806
55.8039 53.0392
58.5 60.5667
55.0323 52.2903
50.3108 51.8243
50.5132 51.0789
54.6364 51
54.16 55.76
52.4828 53.8966
55.9245 52.4151
50.619 54.873
54.3542 55.8958
52.3542 51.3958
53.3182 52.2841
58.6897 60.6207
53.2842 51.9263
51.7234 50.9894
50.8866 52.5773
51.0105 52.1158
54.1143 59.6857
52.1014 54.9275
55.1622 56.1081
56.2083 55.6875
53.5789 54.1579
50.7536 53.029
57.65 59.35
52.3182 55.1818
55.15 55.3167
52.6463 53.9878
53.6056 54.2676
Frame: 16
52.4677 53.7903
52.7529 50.6471
53.6301 54.2192
54.1912 52.9706
53.1707 52.2561
51.8806 54.6866
62.087 58.2174
50.9219 51.5781
53.2564 52.2821
63.35 55
50.4333 51.3167
54.5167 53.1667
57.9655 57.1724
50.0364 54.2545
52.7821 52.7564
50.8841 52.8261
52.4235 52.5059
58.4286 54.8571
58.1923 53.9231
51.9798 52.8182
50.8696 52.9565
50.5294 56.1373
50.4262 52.082
55.2407 54.9815
50.5556 56.6296
52.9583 52.4896
50.2234 51.117
50.5532 52.8404
60.6071 52.4286
52.4833 53.7833
53.3333 52.5882
51.1538 52.3718
61.12 60.32
52.9574 51.8298
50.625 52.8906
51.6056 52.3944
51.5714 50.7143
54.8525 50.9672
51.1818 51.75
51.3571 55.5
50.3509 53.3684
52.3488 52.6977
52.6977 53.1977
57 62.0741
52.5278 56.8889
50.4022 52.6304
54.0972 54.375
53.5645 52.0806
53 51.26
52.6522 64.2174
51 53.5606
51.6479 54.6197
56.8182 50.9091
53.0556 51.5833
51.7073 53.4634
58 57.069
51.57 52.27
58.4231 54.3846
59.3333 60.8333
51.0857 56.0571
51.0526 50.4842
52.6957 54.7391
52.1042 54.0208
51.7097 53.4731
52.1111 51.6296
55.525 51.7
53.3492 54.4762
51.1714 56.0857
51.8784 51.1757
51.5 51.625
57.5161 54.5806
55.4118 53.0392
57.8333 60.5667
54.3871 52.2903
50.0405 51.8243
50.25 51.0789
54.1818 51
53.36 55.76
51.7931 53.8966
55.5472 52.4151
50.3016 54.873
53.9375 55.8958
52.1458 51.3958
53.0909 52.2841
58 60.6207
53.0737 51.9263
51.5106 50.9894
50.6804 52.5773
50.8 52.1158
53.5429 59.6857
51.8116 54.9275
54.6216 56.1081
55.7917 55.6875
53.2281 54.1579
50.4638 53.029
56.65 59.35
51.8636 55.1818
54.8167 55.3167
52.4024 53.9878
53.3239 54.2676
Frame: 17
51.2581 53.1452
51.8706 50.1765
52.6027 53.6712
53.0882 52.3824
52.2561 51.7683
50.7612 54.0896
58.8261 56.4783
49.75 50.9531
51.3333 51.2564
59.6 53
49.1833 50.65
53.2667 52.5
55.3793 55.7931
48.6727 53.5273
51.8205 52.2436
49.7971 52.2464
51.5412 52.0353
56.2857 53.7143
55.3077 52.3846
51.2222 52.4141
47.6087 51.2174
49.0588 55.3529
49.1967 51.4262
53.8519 54.2407
47.7778 55.1481
52.1771 52.0729
49.4255 50.6915
49.7553 52.4149
57.9286 51
51.2333 53.1167
51.8627 51.8039
50.1923 51.859
58.12 58.72
52.1596 51.4043
49.4531 52.2656
50.5493 51.831
50.8061 50.3061
53.623 50.3115
50.3295 51.2955
50.0179 54.7857
49.0351 52.6667
51.4767 52.2326
51.8256 52.7326
54.2222 60.5926
50.4444 55.7778
49.587 52.1957
53.0556 53.8194
52.3548 51.4355
51.5 50.46
49.3913 62.4783
49.8636 52.9545
50.5915 54.0563
55.1136 50
52.0139 51.0278
50.7927 52.9756
55.4138 55.6897
50.82 51.87
55.5385 52.8462
56.8333 59.5
48.9429 54.9143
50.2632 50.0632
51.6087 54.1594
50.5417 53.1875
50.9032 53.043
50.7222 50.8889
53.65 50.7
52.1587 53.8413
49.0286 54.9429
50.8649 50.6351
50.6477 51.1705
55.0968 53.2903
53.9412 52.2549
55.3333 59.2333
51.9677 51
49.027 51.2838
49.2632 50.5526
52.4773 50.0909
50.36 54.16
49.2069 52.5172
54.1321 51.6604
49.1111 54.2381
52.375 55.0625
51.3646 50.9792
52.2386 51.8295
55.4138 59.2414
52.2842 51.5053
50.7128 50.5638
49.9072 52.1649
50.0105 51.6947
51.4 58.5429
50.7246 54.3478
52.5946 55.027
54.2292 54.8542
51.9123 53.4561
49.3768 52.4493
52.9 57.35
50.1591 54.2727
53.5667 54.65
51.4878 53.5
52.2676 53.7042
Frame: 18
51.2581 51.371
51.8706 48.8824
52.6027 52.1644
53.0882 50.7647
52.2561 50.4268
50.7612 52.4478
58.8261 51.6957
49.75 49.2344
51.3333 48.4359
59.6 47.5
49.1833 48.8167
53.2667 50.6667
55.3793 52
48.6727 51.5273
51.8205 50.8333
49.7971 50.6522
51.5412 50.7412
56.2857 50.5714
55.3077 48.1538
51.2222 51.303
47.6087 46.4348
49.0588 53.1961
49.1967 49.623
53.8519 52.2037
47.7778 51.0741
52.1771 50.9271
49.4255 49.5213
49.7553 51.2447
57.9286 47.0714
51.2333 51.2833
51.8627 49.6471
50.1923 50.4487
58.12 54.32
52.1596 50.234
49.4531 50.5469
50.5493 50.2817
50.8061 49.1837
53.623 48.5082
50.3295 50.0455
50.0179 52.8214
49.0351 50.7368
51.4767 50.9535
51.8256 51.4535
54.2222 56.5185
50.4444 52.7222
49.587 51
53.0556 52.2917
52.3548 49.6613
51.5 48.26
49.3913 57.6957
49.8636 51.2879
50.5915 52.507
55.1136 47.5
52.0139 49.5
50.7927 51.6341
55.4138 51.8966
50.82 50.77
55.5385 48.6154
56.8333 55.8333
48.9429 51.7714
50.2632 48.9053
51.6087 52.5652
50.5417 50.8958
50.9032 51.8602
50.7222 48.8519
53.65 47.95
52.1587 52.0952
49.0286 51.8
50.8649 49.1486
50.6477 49.9205
55.0968 49.7419
53.9412 50.098
55.3333 55.5667
51.9677 47.4516
49.027 49.7973
49.2632 49.1053
52.4773 47.5909
50.36 49.76
49.2069 48.7241
54.1321 49.5849
49.1111 52.4921
52.375 52.7708
51.3646 49.8333
52.2386 50.5795
55.4138 55.4483
52.2842 50.3474
50.7128 49.3936
49.9072 51.0309
50.0105 50.5368
51.4 55.4
50.7246 52.7536
52.5946 52.0541
54.2292 52.5625
51.9123 51.5263
49.3768 50.8551
52.9 51.85
50.1591 51.7727
53.5667 52.8167
51.4878 52.1585
52.2676 52.1549
Frame: 19
52.629 49.7581
52.8706 47.7059
53.7671 50.7945
54.3382 49.2941
53.2927 49.2073
52.0299 50.9552
62.5217 47.3478
51.0781 47.6719
53.5128 45.8718
63.85 42.5
50.6 47.15
54.6833 49
58.3103 48.5517
50.2182 49.7091
52.9103 49.5513
51.029 49.2029
52.5412 49.5647
58.7143 47.7143
58.5769 44.3077
52.0808 50.2929
51.3043 42.087
50.7255 51.2353
50.5902 47.9836
55.4259 50.3519
50.9259 47.3704
53.0625 49.8854
50.3298 48.4574
50.6596 50.1809
60.9643 43.5
52.65 49.6167
53.5294 47.6863
51.2821 49.1667
61.52 50.32
53.0638 49.1702
50.7813 48.9844
51.7465 48.8732
51.6735 48.1633
55.0164 46.8689
51.2955 48.9091
51.5357 51.0357
50.5263 48.9825
52.4651 49.7907
52.814 50.2907
57.3704 52.8148
52.8056 49.9444
50.5109 49.913
54.2361 50.9028
53.7258 48.0484
53.2 46.26
53.087 53.3478
51.1515 49.7727
51.7887 51.0986
57.0455 45.2273
53.1944 48.1111
51.8293 50.4146
58.3448 48.4483
51.67 49.77
58.8077 44.7692
59.6667 52.5
51.3714 48.9143
51.1579 47.8526
52.8406 51.1159
52.3125 48.8125
51.8172 50.7849
52.2963 47
55.775 45.45
53.5079 50.5079
51.4571 48.9429
52.0135 47.7973
51.6136 48.7841
57.8387 46.5161
55.6078 48.1373
58.1667 52.2333
54.7097 44.2258
50.1757 48.4459
50.3816 47.7895
54.4091 45.3182
53.76 45.76
52.1379 45.2759
55.7358 47.6981
50.4603 50.9048
54.1458 50.6875
52.25 48.7917
53.2045 49.4432
58.3448 52
53.1789 49.2947
51.617 48.3298
50.7835 50
50.9053 49.4842
53.8286 52.5429
51.9565 51.3043
54.8919 49.3514
56 50.4792
53.4035 49.7719
50.6087 49.4058
57.15 46.85
52.0909 49.5
54.9833 51.15
52.5244 50.939
53.4648 50.7465
Frame: 20
52.5484 48.9516
52.8118 47.1176
53.6986 50.1096
54.2647 48.5588
53.2317 48.5976
51.9552 50.209
62.3043 45.1739
51 46.8906
53.3846 44.5897
63.6 40
50.5167 46.3167
54.6 48.1667
58.1379 46.8276
50.1273 48.8
52.8462 48.9103
50.9565 48.4783
52.4824 48.9765
58.5714 46.2857
58.3846 42.3846
52.0303 49.7879
51.087 39.913
50.6275 50.2549
50.5082 47.1639
55.3333 49.4259
50.7407 45.5185
53.0104 49.3646
50.2766 47.9255
50.6064 49.6489
60.7857 41.7143
52.5667 48.7833
53.4314 46.7059
51.2179 48.5256
61.32 48.32
53.0106 48.6383
50.7031 48.2031
51.6761 48.169
51.6224 47.6531
54.9344 46.0492
51.2386 48.3409
51.4464 50.1429
50.4386 48.1053
52.407 49.2093
52.7558 49.7093
57.1852 50.963
52.6667 48.5556
50.4565 49.3696
54.1667 50.2083
53.6452 47.2419
53.1 45.26
52.8696 51.1739
51.0758 49.0152
51.7183 50.3944
56.9318 44.0909
53.125 47.4167
51.7683 49.8049
58.1724 46.7241
51.62 49.27
58.6154 42.8462
59.5 50.8333
51.2286 47.4857
51.1053 47.3263
52.7681 50.3913
52.2083 47.7708
51.7634 50.2473
52.2037 46.0741
55.65 44.2
53.4286 49.7143
51.3143 47.5143
51.9459 47.1216
51.5568 48.2159
57.6774 44.9032
55.5098 47.1569
58 50.5667
54.5484 42.6129
50.1081 47.7703
50.3158 47.1316
54.2955 44.1818
53.56 43.76
51.9655 43.5517
55.6415 46.7547
50.381 50.1111
54.0417 49.6458
52.1979 48.2708
53.1477 48.875
58.1724 50.2759
53.1263 48.7684
51.5638 47.7979
50.732 49.4845
50.8526 48.9579
53.6857 51.1143
51.8841 50.5797
54.7568 48
55.8958 49.4375
53.3158 48.8947
50.5362 48.6812
56.9 44.35
51.9773 48.3636
54.9 50.3167
52.4634 50.3293
53.3944 50.0423
Frame: 21
51.5 48.9516
52.0471 47.1176
52.8082 50.1096
53.3088 48.5588
52.439 48.5976
50.9851 50.209
59.4783 45.1739
49.9844 46.8906
51.7179 44.5897
60.35 40
49.4333 46.3167
53.5167 48.1667
55.8966 46.8276
48.9455 48.8
52.0128 48.9103
50.0145 48.4783
51.7176 48.9765
56.7143 46.2857
55.8846 42.3846
51.3737 49.7879
48.2609 39.913
49.3529 50.2549
49.4426 47.1639
54.1296 49.4259
48.3333 45.5185
52.3333 49.3646
49.5851 47.9255
49.9149 49.6489
58.4643 41.7143
51.4833 48.7833
52.1569 46.7059
50.3846 48.5256
58.72 48.32
52.3191 48.6383
49.6875 48.2031
50.7606 48.169
50.9592 47.6531
53.8689 46.0492
50.5 48.3409
50.2857 50.1429
49.2982 48.1053
51.6512 49.2093
52 49.7093
54.7778 50.963
50.8611 48.5556
49.75 49.3696
53.2639 50.2083
52.5968 47.2419
51.8 45.26
50.0435 51.1739
50.0909 49.0152
50.8028 50.3944
55.4545 44.0909
52.2222 47.4167
50.9756 49.8049
55.931 46.7241
50.97 49.27
56.1154 42.8462
57.3333 50.8333
49.3714 47.4857
50.4211 47.3263
51.8261 50.3913
50.8542 47.7708
51.0645 50.2473
51 46.0741
54.025 44.2
52.3968 49.7143
49.4571 47.5143
51.0676 47.1216
50.8182 48.2159
55.5806 44.9032
54.2353 47.1569
55.8333 50.5667
52.4516 42.6129
49.2297 47.7703
49.4605 47.1316
52.8182 44.1818
50.96 43.76
49.7241 43.5517
54.4151 46.7547
49.3492 50.1111
52.6875 49.6458
51.5208 48.2708
52.4091 48.875
55.931 50.2759
52.4421 48.7684
50.8723 47.7979
50.0619 49.4845
50.1684 48.9579
51.8286 51.1143
50.942 50.5797
53 48
54.5417 49.4375
52.1754 48.8947
49.5942 48.6812
53.65 44.35
50.5 48.3636
53.8167 50.3167
51.6707 50.3293
52.4789 50.0423
Frame: 22
51.5 49.5968
52.0471 47.5882
52.8082 50.6575
53.3088 49.1471
52.439 49.0854
50.9851 50.806
59.4783 46.913
49.9844 47.5156
51.7179 45.6154
60.35 42
49.4333 46.9833
53.5167 48.8333
55.8966 48.2069
48.9455 49.5273
52.0128 49.4231
50.0145 49.058
51.7176 49.4471
56.7143 47.4286
55.8846 43.9231
51.3737 50.1919
48.2609 41.6522
49.3529 51.0392
49.4426 47.8197
54.1296 50.1667
48.3333 47
52.3333 49.7813
49.5851 48.3511
49.9149 50.0745
58.4643 43.1429
51.4833 49.45
52.1569 47.4902
50.3846 49.0385
58.72 49.92
52.3191 49.0638
49.6875 48.8281
50.7606 48.7324
50.9592 48.0612
53.8689 46.7049
50.5 48.7955
50.2857 50.8571
49.2982 48.807
51.6512 49.6744
52 50.1744
54.7778 52.4444
50.8611 49.6667
49.75 49.8043
53.2639 50.7639
52.5968 47.8871
51.8 46.06
50.0435 52.913
50.0909 49.6212
50.8028 50.9577
55.4545 45
52.2222 47.9722
50.9756 50.2927
55.931 48.1034
50.97 49.67
56.1154 44.3846
57.3333 52.1667
49.3714 48.6286
50.4211 47.7474
51.8261 50.971
50.8542 48.6042
51.0645 50.6774
51 46.8148
54.025 45.2
52.3968 50.3492
49.4571 48.6571
51.0676 47.6622
50.8182 48.6705
55.5806 46.1936
54.2353 47.9412
55.8333 51.9
52.4516 43.9032
49.2297 48.3108
49.4605 47.6579
52.8182 45.0909
50.96 45.36
49.7241 44.931
54.4151 47.5094
49.3492 50.746
52.6875 50.4792
51.5208 48.6875
52.4091 49.3295
55.931 51.6552
52.4421 49.1895
50.8723 48.2234
50.0619 49.8969
50.1684 49.3789
51.8286 52.2571
50.942 51.1594
53 49.0811
54.5417 50.2708
52.1754 49.5965
49.5942 49.2609
53.65 46.35
50.5 49.2727
53.8167 50.9833
51.6707 50.8171
52.4789 50.6056
Frame: 23
52.5484 49.9194
52.8118 47.8235
53.6986 50.9315
54.2647 49.4412
53.2317 49.3293
51.9552 51.1045
62.3043 47.7826
51 47.8281
53.3846 46.1282
63.6 43
50.5167 47.3167
54.6 49.1667
58.1379 48.8966
50.1273 49.8909
52.8462 49.6795
50.9565 49.3478
52.4824 49.6824
58.5714 48
58.3846 44.6923
52.0303 50.3939
51.087 42.5217
50.6275 51.4314
50.5082 48.1475
55.3333 50.537
50.7407 47.7407
53.0104 49.9896
50.2766 48.5638
50.6064 50.2872
60.7857 43.8571
52.5667 49.7833
53.4314 47.8824
51.2179 49.2949
61.32 50.72
53.0106 49.2766
50.7031 49.1406
51.6761 49.0141
51.6224 48.2653
54.9344 47.0328
51.2386 49.0227
51.4464 51.2143
50.4386 49.1579
52.407 49.907
52.7558 50.407
57.1852 53.1852
52.6667 50.2222
50.4565 50.0217
54.1667 51.0417
53.6452 48.2097
53.1 46.46
52.8696 53.7826
51.0758 49.9242
51.7183 51.2394
56.9318 45.4545
53.125 48.25
51.7683 50.5366
58.1724 48.7931
51.62 49.87
58.6154 45.1538
59.5 52.8333
51.2286 49.2
51.1053 47.9579
52.7681 51.2609
52.2083 49.0208
51.7634 50.8925
52.2037 47.1852
55.65 45.7
53.4286 50.6667
51.3143 49.2286
51.9459 47.9324
51.5568 48.8977
57.6774 46.8387
55.5098 48.3333
58 52.5667
54.5484 44.5484
50.1081 48.5811
50.3158 47.9211
54.2955 45.5455
53.56 46.16
51.9655 45.6207
55.6415 47.8868
50.381 51.0635
54.0417 50.8958
52.1979 48.8958
53.1477 49.5568
58.1724 52.3448
53.1263 49.4
51.5638 48.4362
50.732 50.1031
50.8526 49.5895
53.6857 52.8286
51.8841 51.4493
54.7568 49.6216
55.8958 50.6875
53.3158 49.9474
50.5362 49.5507
56.9 47.35
51.9773 49.7273
54.9 51.3167
52.4634 51.061
53.3944 50.8873
Frame: 24
52.5484 51.8548
52.8118 49.2353
53.6986 52.5753
54.2647 51.2059
53.2317 50.7927
51.9552 52.8955
62.3043 53
51 49.7031
53.3846 49.2051
63.6 49
50.5167 49.3167
54.6 51.1667
58.1379 53.0345
50.1273 52.0727
52.8462 51.2179
50.9565 51.087
52.4824 51.0941
58.5714 51.4286
58.3846 49.3077
52.0303 51.6061
51.087 47.7391
50.6275 53.7843
50.5082 50.1148
55.3333 52.7593
50.7407 52.1852
53.0104 51.2396
50.2766 49.8404
50.6064 51.5638
60.7857 48.1429
52.5667 51.7833
53.4314 50.2353
51.2179 50.8333
61.32 55.52
53.0106 50.5532
50.7031 51.0156
51.6761 50.7042
51.6224 49.4898
54.9344 49
51.2386 50.3864
51.4464 53.3571
50.4386 51.2632
52.407 51.3023
52.7558 51.8023
57.1852 57.6296
52.6667 53.5556
50.4565 51.3261
54.1667 52.7083
53.6452 50.1452
53.1 48.86
52.8696 59
51.0758 51.7424
51.7183 52.9296
56.9318 48.1818
53.125 49.9167
51.7683 52
58.1724 52.931
51.62 51.07
58.6154 49.7692
59.5 56.8333
51.2286 52.6286
51.1053 49.2211
52.7681 53
52.2083 51.5208
51.7634 52.1828
52.2037 49.4074
55.65 48.7
53.4286 52.5714
51.3143 52.6571
51.9459 49.5541
51.5568 50.2614
57.6774 50.7097
55.5098 50.6863
58 56.5667
54.5484 48.4194
50.1081 50.2027
50.3158 49.5
54.2955 48.2727
53.56 50.96
51.9655 49.7586
55.6415 50.1509
50.381 52.9683
54.0417 53.3958
52.1979 50.1458
53.1477 50.9205
58.1724 56.4828
53.1263 50.6632
51.5638 49.7128
50.732 51.3402
50.8526 50.8526
53.6857 56.2571
51.8841 53.1884
54.7568 52.8649
55.8958 53.1875
53.3158 52.0526
50.5362 51.2899
56.9 53.35
51.9773 52.4545
54.9 53.3167
52.4634 52.5244
53.3944 52.5775
Frame: 25
51.9839 52.8226
52.4 49.9412
53.2192 53.3973
53.75 52.0882
52.8049 51.5244
51.4328 53.791
60.7826 55.6087
50.4531 50.6406
52.4872 50.7436
61.85 52
49.9333 50.3167
54.0167 52.1667
56.931 55.1034
49.4909 53.1636
52.3974 51.9872
50.4493 51.9565
52.0706 51.8
57.5714 53.1429
57.0385 51.6154
51.6768 52.2121
49.5652 50.3478
49.9412 54.9608
49.9344 51.0984
54.6852 53.8704
49.4444 54.4074
52.6458 51.8646
49.9043 50.4787
50.234 52.2021
59.5357 50.2857
51.9833 52.7833
52.7451 51.4118
50.7692 51.6026
59.92 57.92
52.6383 51.1915
50.1563 51.9531
51.1831 51.5493
51.2653 50.102
54.3607 49.9836
50.8409 51.0682
50.8214 54.4286
49.8246 52.3158
52 52
52.3488 52.5
55.8889 59.8519
51.6944 55.2222
50.0761 51.9783
53.6806 53.5417
53.0806 51.1129
52.4 50.06
51.3478 61.6087
50.5455 52.6515
51.2254 53.7746
56.1364 49.5455
52.6389 50.75
51.3415 52.7317
56.9655 55
51.27 51.67
57.2692 52.0769
58.3333 58.8333
50.2286 54.3429
50.7368 49.8526
52.2609 53.8696
51.4792 52.7708
51.3871 52.828
51.5556 50.5185
54.775 50.2
52.873 53.5238
50.3143 54.3714
51.473 50.3649
51.1591 50.9432
56.5484 52.6452
54.8235 51.8627
56.8333 58.5667
53.4194 50.3548
49.6351 51.0135
49.8553 50.2895
53.5 49.6364
52.16 53.36
50.7586 51.8276
54.9811 51.283
49.8254 53.9206
53.3125 54.6458
51.8333 50.7708
52.75 51.6023
56.9655 58.5517
52.7579 51.2947
51.1915 50.3511
50.3711 51.9588
50.4842 51.4842
52.6857 57.9714
51.3768 54.058
53.8108 54.4865
55.1667 54.4375
52.7018 53.1053
50.029 52.1594
55.15 56.35
51.1818 53.8182
54.3167 54.3167
52.0366 53.2561
52.9014 53.4225
Frame: 26
52.4677 53.1452
52.7529 50.1765
53.6301 53.6712
54.1912 52.3824
53.1707 51.7683
51.8806 54.0896
62.087 56.4783
50.9219 50.9531
53.2564 51.2564
63.35 53
50.4333 50.65
54.5167 52.5
57.9655 55.7931
50.0364 53.5273
52.7821 52.2436
50.8841 52.2464
52.4235 52.0353
58.4286 53.7143
58.1923 52.3846
51.9798 52.4141
50.8696 51.2174
50.5294 55.3529
50.4262 51.4262
55.2407 54.2407
50.5556 55.1481
52.9583 52.0729
50.2234 50.6915
50.5532 52.4149
60.6071 51
52.4833 53.1167
53.3333 51.8039
51.1538 51.859
61.12 58.72
52.9574 51.4043
50.625 52.2656
51.6056 51.831
51.5714 50.3061
54.8525 50.3115
51.1818 51.2955
51.3571 54.7857
50.3509 52.6667
52.3488 52.2326
52.6977 52.7326
57 60.5926
52.5278 55.7778
50.4022 52.1957
54.0972 53.8194
53.5645 51.4355
53 50.46
52.6522 62.4783
51 52.9545
51.6479 54.0563
56.8182 50
53.0556 51.0278
51.7073 52.9756
58 55.6897
51.57 51.87
58.4231 52.8462
59.3333 59.5
51.0857 54.9143
51.0526 50.0632
52.6957 54.1594
52.1042 53.1875
51.7097 53.043
52.1111 50.8889
55.525 50.7
53.3492 53.8413
51.1714 54.9429
51.8784 50.6351
51.5 51.1705
57.5161 53.2903
55.4118 52.2549
57.8333 59.2333
54.3871 51
50.0405 51.2838
50.25 50.5526
54.1818 50.0909
53.36 54.16
51.7931 52.5172
55.5472 51.6604
50.3016 54.2381
53.9375 55.0625
52.1458 50.9792
53.0909 51.8295
58 59.2414
53.0737 51.5053
51.5106 50.5638
50.6804 52.1649
50.8 51.6947
53.5429 58.5429
51.8116 54.3478
54.6216 55.027
55.7917 54.8542
53.2281 53.4561
50.4638 52.4493
56.65 57.35
51.8636 54.2727
54.8167 54.65
52.4024 53.5
53.3239 53.7042
