58
35 0 50
0 20 30
70 20 30
35 40 10
0 70 30
70 70 30
35 90 10
35 60 10
35 80 10
35 45 10
35 50 10
35 65 10
35 70 10
35 75 10
35 85 10
35 55 10
0 25 30
0 30 30
0 35 30
0 40 30
0 45 30
0 50 30
0 55 30
0 60 30
0 65 30
70 25 30
70 30 30
70 35 30
70 40 30
70 45 30
70 50 30
70 55 30
70 60 30
70 65 30
40 87 13
45 84 16
50 81 19
55 78 22
60 75 25
65 72 28
40 37 13
45 34 16
50 31 19
55 28 22
60 25 25
65 22 28
5 73 27
10 76 24
15 79 21
20 82 18
25 85 15
30 88 12
5 23 27
10 26 24
15 29 21
20 32 18
25 35 15
30 38 12
