58 3
50.7 50 
50 50.6 
52.3 50.6 
53.5 54 
50 52.3 
52.3 52.3 
53.5 59 
53.5 56 
53.5 58
53.5 54.5 
53.5 55 
53.5 56.5
53.5 57 
53.5 57.5 
53.5 58.5
53.5 55.5
50 50.83 
50 51 
50 51.16 
50 51.33 
50 51.5 
50 51.6 
50 51.83 
50 52 
50 52.16 
52.3 50.83 
52.3 51 
52.3 51.16 
52.3 51.33 
52.3 51.5 
52.3 51.6 
52.3 51.83 
52.3 52 
52.3 52.16  
53.07 56.69
52.81 55.25
52.63 54.2
52.5 53.5
52.4 53
52.32 52.5
53.07 52.8
52.81 52.1
52.63 51.6
52.5 51.2
52.4 51
52.32 50.7 
50.1 52.7
50.4 53.1
50.7 53.7
51.1 54.5
51.6 55.6
52.5 57.3
50.1 50.8
50.4 51
50.7 51.3
51.1 51.7
51.6 52.3
52.5 53.1  
 
48.7 50
46.6 50.6
49 50.6
43.5 54
46.6 52.3
49 52.3
43.5 59
43.5 56
43.5 58
43.5 54.5 
43.5 55 
43.5 56.5
43.5 57 
43.5 57.5 
43.5 58.5
43.5 55.5
46.6 50.83 
46.6 51 
46.6 51.16 
46.6 51.33 
46.6 51.5 
46.6 51.6 
46.6 51.83 
46.6 52 
46.6 52.16   
49 50.83 
49 51 
49 51.16 
49 51.33 
49 51.5 
49 51.6 
49 51.83 
49 52 
49 52.16  
45.3 56.69
46.5 55.25
47.3 54.2
47.9 53.5
48.4 53
48.75 52.5 
45.3 52.8
46.5 52.1
47.3 51.6
47.9 51.2
48.4 51
48.75 50.7
46.4 52.7
46.2 53.1
45.9 53.7
45.5 54.5
45 55.6
44.1 57.3 
46.4 50.8
46.2 51
45.9 51.3
45.5 51.7
45 52.3
44.1 53.1    

44.7 50
40 50.6
42.3 50.6
23.5 54
40 52.3
42.3 52.3
23.5 59
23.5 56
23.5 58
23.5 54.5 
23.5 55 
23.5 56.5
23.5 57 
23.5 57.5 
23.5 58.5
23.5 55.5 
40 50.83 
40 51 
40 51.16 
40 51.33 
40 51.5 
40 51.6 
40 51.83 
40 52 
40 52.16   
42.3 50.83 
42.3 51 
42.3 51.16 
42.3 51.33 
42.3 51.5 
42.3 51.6 
42.3 51.83 
42.3 52 
42.3 52.16  
30 56.69
34 55.25
36.8 54.2
38.8 53.5
40.4 53
41.6 52.5
30 52.8
34 52.1
36.8 51.6
38.8 51.2
40.4 51
41.6 50.7 
39 52.7
37.9 53.1
36.4 53.7
34.4 54.5
31.6 55.6
27.5 57.3 
39 50.8
37.9 51
36.4 51.3
34.4 51.7
31.6 52.3
27.5 53.1     