58
0.35 -5.28091e-018 0.5
-2.22045e-016 0.17647 0.294118
0.69697 0.181818 0.30303
0.35 0.4 0.1
-3.09123e-032 0.67647 0.294118
0.69697 0.69697 0.30303
0.35 0.9 0.1
0.35 0.6 0.1
0.35 0.8 0.1
0.35 0.45 0.1
0.35 0.5 0.1
0.35 0.65 0.1
0.35 0.7 0.1
0.35 0.75 0.1
0.35 0.85 0.1
0.35 0.55 0.1
5.51227e-034 0.244118 0.294118
-1.76564e-043 0.294118 0.294118
2.22045e-016 0.341176 0.294118
2.22045e-016 0.391177 0.294118
-5.13403e-033 0.441176 0.294118
-6.48508e-033 0.470588 0.294118
-1.25595e-032 0.538236 0.294118
2.22045e-016 0.588235 0.294118
2.22045e-016 0.635294 0.294118
0.69697 0.251516 0.30303
0.69697 0.30303 0.30303
0.69697 0.351515 0.30303
0.69697 0.403031 0.30303
0.69697 0.454546 0.30303
0.69697 0.484848 0.30303
0.69697 0.554546 0.30303
0.69697 0.606061 0.30303
0.69697 0.654546 0.30303
0.395109 0.861004 0.1287
0.445325 0.832012 0.158479
0.493433 0.787992 0.187617
0.543478 0.76087 0.217391
0.6 0.75 0.25
0.64986 0.70028 0.280112
0.395109 0.36036 0.1287
0.445325 0.332805 0.158479
0.493433 0.300187 0.187617
0.543478 0.26087 0.217391
0.6 0.25 0.25
0.64986 0.196079 0.280112
0.0270266 0.729731 0.27027
0.0952384 0.738095 0.238095
0.145834 0.770834 0.208333
0.196428 0.803572 0.178571
0.242424 0.848485 0.151515
0.297619 0.869047 0.119048
0.0270266 0.216216 0.27027
0.0952384 0.238095 0.238095
0.145834 0.270833 0.208333
0.196428 0.303572 0.178571
0.242424 0.348485 0.151515
0.297619 0.369047 0.119048
