312
0.0687997 -0.19565 0.525183
0.410719 -0.245886 0.621206
-0.236138 -0.168378 0.43788
-0.221389 -0.173393 0.441781
-0.216438 -0.173921 0.443157
0.173569 -0.214107 0.554343
0.17748 -0.214528 0.555478
-0.236138 -0.168376 0.43788
-0.0506766 -0.175186 0.491909
-0.216648 -0.168412 0.443585
-0.094114 -0.175494 0.479141
-0.221662 -0.16653 0.442325
-0.0505991 -0.175192 0.49193
0.0997829 -0.18871 0.534963
-0.0505899 -0.175192 0.491932
0.136182 -0.202104 0.544404
0.373463 -0.224738 0.612179
-0.219418 -0.161304 0.443507
-0.0675375 -0.177614 0.486685
0.378346 -0.223327 0.613747
0.0997829 -0.18871 0.534963
0.136183 -0.202103 0.544403
-0.0851011 -0.163556 0.482929
-0.0506016 -0.175192 0.491933
0.158559 -0.19715 0.551441
0.0997829 -0.18871 0.534963
-0.224562 -0.144219 0.443595
-0.0505716 -0.175194 0.491938
0.367091 -0.214623 0.61132
0.099783 -0.18871 0.534963
0.341603 -0.210241 0.604237
0.3743 -0.213461 0.613547
-0.224562 -0.144218 0.443595
-0.0846284 -0.163702 0.483057
0.0997829 -0.18871 0.534963
-0.224562 -0.144219 0.443595
-0.224563 -0.144218 0.443594
-0.186907 -0.153531 0.454028
-0.0332818 -0.168322 0.497675
0.369976 -0.207365 0.61288
0.0997829 -0.18871 0.534963
0.358594 -0.200592 0.610161
-0.224564 -0.144217 0.443594
-0.224563 -0.144218 0.443594
-0.224562 -0.144219 0.443594
-0.224564 -0.144218 0.443594
0.373151 -0.196224 0.614876
0.13076 -0.172344 0.54559
-0.224563 -0.144218 0.443594
-0.167583 -0.14251 0.460661
0.343322 -0.184072 0.607256
0.427799 -0.179503 0.632516
-0.117244 -0.141927 0.475735
0.381894 -0.170816 0.619862
-0.177102 -0.125627 0.45947
-0.194015 -0.133092 0.453682
-0.0348543 -0.140698 0.4999
0.329864 -0.177269 0.603917
0.381894 -0.170815 0.619862
-0.1771 -0.125627 0.459467
-0.1771 -0.125627 0.459467
0.123657 -0.156462 0.54498
0.0737569 -0.148694 0.531099
-0.1771 -0.125629 0.459467
-0.0348544 -0.140696 0.499898
0.0363337 -0.144914 0.520265
0.381894 -0.170817 0.619864
0.381892 -0.170814 0.619863
-0.192979 -0.12611 0.454663
-0.177102 -0.125628 0.459469
0.136908 -0.152442 0.549287
0.331756 -0.151937 0.606823
0.427799 -0.179501 0.632515
-0.177098 -0.12562 0.459468
-0.177098 -0.125622 0.459468
0.381882 -0.170784 0.619863
0.381882 -0.170784 0.619863
0.381894 -0.170815 0.619862
0.331756 -0.151939 0.606822
0.381882 -0.170783 0.619863
0.331761 -0.151932 0.606824
-0.177098 -0.125621 0.459468
-0.160037 -0.105334 0.466356
0.180471 -0.134219 0.563813
-0.161652 -0.117017 0.46475
0.1438 -0.129516 0.553489
-0.177099 -0.125621 0.45947
0.180473 -0.134217 0.563814
0.2844 -0.143874 0.593547
0.1438 -0.129516 0.553489
0.180471 -0.134218 0.563813
0.143802 -0.129517 0.55349
0.358201 -0.135539 0.616161
-0.160038 -0.105334 0.466355
-0.160038 -0.105334 0.466355
-0.161319 -0.0849235 0.468114
0.170299 -0.100396 0.564105
0.123185 -0.0965791 0.55068
0.0562785 -0.0913446 0.531232
-0.20288 -0.0808426 0.456133
-0.152559 -0.0682348 0.472148
-0.152559 -0.0682348 0.472147
-0.0937705 -0.0753522 0.488655
-0.0536209 -0.0643545 0.501454
-0.152559 -0.0682345 0.472147
-0.152559 -0.0682343 0.472146
-0.118295 -0.0592726 0.482346
0.166458 -0.0659732 0.566267
-0.152557 -0.0682335 0.472146
-0.152558 -0.0682333 0.472147
-0.0937728 -0.0753527 0.488661
0.188074 -0.0781681 0.571462
-0.152558 -0.0682337 0.472148
-0.118295 -0.0592725 0.482346
-0.0536229 -0.064354 0.501458
-0.217347 -0.0528749 0.454371
-0.152558 -0.0682332 0.472147
-0.0536245 -0.0643526 0.501458
-0.217328 -0.0528731 0.454378
-0.183353 -0.056097 0.464387
-0.118292 -0.0592768 0.48236
-0.0863876 -0.05786 0.492588
0.166441 -0.0659654 0.566265
0.166446 -0.0659675 0.566264
-0.183359 -0.0560874 0.464386
-0.152558 -0.0682332 0.472149
-0.0536245 -0.0643526 0.501458
0.114211 -0.0564056 0.551543
-0.132812 -0.0531407 0.478522
-0.151238 -0.0510932 0.473968
-0.146865 -0.0511681 0.474521
-0.141096 -0.0512872 0.475522
-0.118295 -0.0592722 0.482345
-0.11829 -0.0592773 0.482359
0.114209 -0.0564048 0.551542
0.385711 -0.0447707 0.632844
-0.11829 -0.0592774 0.482359
-0.086603 -0.0438075 0.493828
-0.0760453 -0.044094 0.496964
-0.161272 -0.040361 0.472377
-0.0699668 -0.04268 0.498889
-0.238763 -0.0359681 0.44956
-0.0700074 -0.0395092 0.499189
-0.150439 -0.0330984 0.476223
-0.144552 -0.0316082 0.476895
-0.107976 -0.0211959 0.489605
0.260019 -0.0348183 0.596703
-0.166289 -0.0110382 0.473169
-0.0838337 -0.0281412 0.496133
-0.0762709 -0.0266935 0.498495
-0.207576 -0.0245026 0.459791
-0.149212 -0.023999 0.47716
-0.107966 -0.021182 0.489609
-0.0898887 -0.024887 0.494589
0.126161 -0.0322474 0.557214
-0.0763138 -0.0235161 0.498781
-0.237704 -0.0197791 0.451404
-0.207576 -0.0245026 0.459791
-0.166292 -0.0110401 0.473181
-0.0490988 -0.00792362 0.508286
-0.0490991 -0.00792395 0.50829
-0.0490988 -0.00792362 0.508286
-0.143666 -0.0164253 0.479034
-0.0490988 -0.00792362 0.508286
-0.166289 -0.0110382 0.473169
-0.0990053 -0.0153249 0.492783
-0.237091 -0.0157086 0.451987
-0.207576 -0.0245026 0.459791
-0.122469 -0.0135515 0.485963
-0.166292 -0.0110401 0.473181
-0.0687815 -0.0124323 0.501967
-0.0810365 -0.0107285 0.498429
-0.145195 -0.00876453 0.479
-0.0490991 -0.00792395 0.50829
-0.166291 -0.0110396 0.473175
-0.0749792 -0.00758245 0.500528
-0.118049 0.00712134 0.489114
-0.0931769 -0.00590424 0.495287
-0.0901728 -0.00591399 0.496156
-0.0491208 -0.00661152 0.508411
-0.0490991 -0.00792395 0.50829
-0.0490988 -0.00792362 0.508286
0.0192605 0.00447218 0.529541
-0.0883041 0.0125397 0.498569
-0.118047 0.00712006 0.489111
-0.0883043 0.0125394 0.498573
-0.0883041 0.0125397 0.498569
-0.0524359 0.0119687 0.509195
-0.166291 -0.0110381 0.473176
-0.118049 0.00711979 0.489113
-0.0883041 0.0125397 0.498569
0.127089 0.0031642 0.561116
0.302451 0.0107448 0.613563
-0.0883056 0.0125397 0.498569
-0.0883051 0.0125386 0.498572
-0.0581116 0.00368362 0.506673
0.274308 0.00436814 0.604659
0.426426 0.0176774 0.650769
-0.0883041 0.0125397 0.498569
0.347986 0.0136453 0.627283
-0.0524359 0.0119687 0.509195
0.306646 0.0129333 0.615006
-0.118049 0.00711979 0.489113
0.347983 0.0136453 0.627282
-0.0883041 0.0125397 0.498569
0.177131 0.00671 0.576166
-0.0644602 0.0133896 0.505679
-0.0524299 0.0119815 0.509201
-0.0883026 0.0125414 0.49857
0.30245 0.0107446 0.613564
-0.118047 0.0071198 0.489114
-0.0883099 0.0125415 0.498575
-0.0883057 0.0125413 0.498569
0.346049 0.0139403 0.626743
0.426439 0.0176702 0.650772
-0.0883056 0.0125397 0.498569
0.302451 0.0107457 0.613563
0.347985 0.0136495 0.627282
-0.0883058 0.0125394 0.498572
0.347983 0.0136493 0.627282
-0.184901 0.0230369 0.471125
-0.162066 0.025366 0.477896
0.347983 0.0136493 0.627282
0.426426 0.0176784 0.650769
-0.111615 0.0256648 0.492894
-0.0883072 0.0125413 0.498568
-0.0883097 0.0125418 0.498571
-0.162066 0.0253691 0.477896
-0.186765 0.0308621 0.47127
-0.162067 0.0253694 0.477901
-0.179682 0.0291936 0.473233
-0.142064 0.0298533 0.484075
-0.121803 0.0399396 0.491245
-0.186765 0.0308621 0.47127
-0.162067 0.0253694 0.477901
-0.212747 0.0347308 0.463986
-0.204535 0.0347254 0.466448
-0.162066 0.025366 0.477896
-0.243619 0.0448537 0.455801
-0.207545 0.0346877 0.465562
-0.186763 0.0308621 0.471271
-0.186763 0.0308621 0.47127
-0.182596 0.035228 0.472955
-0.243619 0.0448581 0.455801
-0.186765 0.0308621 0.47127
-0.0969514 0.0386985 0.498613
-0.121803 0.0399407 0.491242
-0.162067 0.0253694 0.477901
-0.24362 0.0448522 0.455801
-0.145669 0.0537068 0.48531
-0.186763 0.0308621 0.471271
-0.243618 0.0448552 0.455802
-0.163717 0.0479846 0.479562
-0.200494 0.0484199 0.468881
-0.14567 0.0537056 0.485314
-0.246757 0.0591601 0.456167
-0.24362 0.0448508 0.455801
-0.229248 0.0490386 0.460497
-0.265529 0.0493224 0.449709
-0.246094 0.0588624 0.456338
-0.208539 0.0511957 0.466796
-0.201932 0.0514059 0.468748
-0.185826 0.0519216 0.473473
-0.145672 0.0537087 0.485314
-0.181808 0.0535859 0.474816
-0.145671 0.0537083 0.48531
-0.24362 0.0448522 0.455801
-0.145671 0.0537098 0.48531
-0.24278 0.0516125 0.456672
-0.216556 0.0554356 0.464801
-0.162588 0.057327 0.480736
-0.224395 0.0566579 0.462612
-0.188731 0.0579418 0.473171
-0.246758 0.0591601 0.456167
-0.145671 0.0537098 0.48531
-0.283238 0.0656432 0.44608
-0.246783 0.0591674 0.456158
-0.20635 0.0633785 0.468585
-0.283237 0.0656425 0.446079
-0.246783 0.0591668 0.456156
-0.209049 0.0647891 0.467935
-0.178112 0.0660502 0.477095
-0.246788 0.0591681 0.456155
-0.273575 0.0650029 0.448768
-0.174081 0.0693148 0.47857
-0.27731 0.0662994 0.447855
-0.209212 0.0693334 0.4683
-0.184146 0.0873405 0.477313
-0.184155 0.0873058 0.477307
-0.164412 0.0712907 0.481578
-0.184156 0.087312 0.477307
-0.184135 0.0872976 0.477312
-0.217195 0.0720076 0.466189
-0.246782 0.0591669 0.456157
-0.184005 0.0873528 0.477356
-0.184153 0.0873044 0.477307
-0.184063 0.0873124 0.477335
-0.163339 0.0823032 0.482934
-0.238241 0.0815111 0.460847
-0.24216 0.0842972 0.459923
-0.215098 0.0857686 0.468086
-0.183296 0.0878594 0.477616
-0.184091 0.0873218 0.477327
-0.246894 0.101891 0.460226
-0.200637 0.0896354 0.472723
-0.246903 0.101894 0.460224
-0.183307 0.0878474 0.477608
-0.246894 0.101892 0.460226
-0.232312 0.0923858 0.463683
-0.246895 0.101891 0.460226
-0.216933 0.0993989 0.468821
-0.246903 0.101894 0.460224
