312
0.0688114 -0.195853 0.525536
0.410696 -0.245936 0.621149
-0.236136 -0.168328 0.437842
-0.221372 -0.173358 0.441713
-0.21642 -0.173883 0.443117
0.173513 -0.214153 0.55416
0.17744 -0.21457 0.555262
-0.236136 -0.168326 0.437842
-0.0506456 -0.175163 0.491904
-0.216635 -0.16836 0.443564
-0.094041 -0.1754 0.478808
-0.221655 -0.166493 0.442288
-0.0505692 -0.175168 0.491925
0.0997767 -0.188701 0.534922
-0.05056 -0.175168 0.491928
0.136146 -0.202101 0.544358
0.373461 -0.224744 0.612248
-0.219407 -0.161287 0.443466
-0.067523 -0.177581 0.486662
0.378339 -0.223312 0.613811
0.0997767 -0.188701 0.534922
0.136146 -0.2021 0.544358
-0.0850051 -0.163453 0.482581
-0.0505691 -0.175168 0.491925
0.158492 -0.197179 0.551437
0.0997766 -0.188701 0.534922
-0.224576 -0.144208 0.443604
-0.0505416 -0.17517 0.491933
0.367157 -0.214607 0.611321
0.0997766 -0.188701 0.534922
0.341704 -0.210262 0.604275
0.374355 -0.213447 0.613552
-0.224576 -0.144207 0.443604
-0.0845293 -0.163598 0.482702
0.0997767 -0.188701 0.534922
-0.224576 -0.144209 0.443606
-0.224578 -0.144209 0.443606
-0.186829 -0.153533 0.453754
-0.033273 -0.168309 0.497677
0.370055 -0.207356 0.612845
0.0997766 -0.188701 0.534922
0.358657 -0.200591 0.61012
-0.224579 -0.144208 0.443606
-0.224577 -0.144207 0.443604
-0.224577 -0.144209 0.443606
-0.224578 -0.144207 0.443603
0.373225 -0.196211 0.614819
0.13072 -0.172376 0.545655
-0.224577 -0.144207 0.443604
-0.167554 -0.142519 0.460566
0.343385 -0.184089 0.60714
0.427791 -0.179488 0.632462
-0.117194 -0.141989 0.475586
0.381923 -0.170836 0.619734
-0.177071 -0.125641 0.459373
-0.194036 -0.13312 0.453741
-0.0349041 -0.140824 0.499934
0.329902 -0.177339 0.603826
0.381923 -0.170835 0.619734
-0.177069 -0.125641 0.459374
-0.177069 -0.125641 0.459374
0.123625 -0.156471 0.545105
0.073763 -0.148751 0.531126
-0.17707 -0.125643 0.459374
-0.0349057 -0.140822 0.499934
0.0362465 -0.144981 0.520559
0.381924 -0.170837 0.619733
0.381922 -0.170834 0.619732
-0.192996 -0.126143 0.454716
-0.177071 -0.125642 0.459373
0.136883 -0.152489 0.5494
0.331746 -0.152051 0.606788
0.427788 -0.179486 0.632461
-0.177067 -0.125634 0.459375
-0.177067 -0.125636 0.459375
0.381912 -0.170804 0.619732
0.381912 -0.170805 0.619732
0.381923 -0.170835 0.619734
0.331745 -0.152052 0.606787
0.381912 -0.170803 0.619732
0.331751 -0.152046 0.60679
-0.177067 -0.125635 0.459375
-0.160114 -0.105389 0.466571
0.180419 -0.134283 0.563964
-0.161701 -0.117058 0.464899
0.143787 -0.129569 0.553627
-0.177069 -0.125635 0.459375
0.180421 -0.134282 0.563965
0.284318 -0.143975 0.593599
0.143787 -0.129569 0.553627
0.180419 -0.134283 0.563964
0.143789 -0.12957 0.553626
0.358171 -0.13567 0.616108
-0.160115 -0.105389 0.466573
-0.160115 -0.105389 0.466573
-0.161303 -0.0849454 0.468027
0.170292 -0.100404 0.564051
0.12325 -0.0966064 0.550529
0.0562171 -0.0913706 0.531449
-0.202735 -0.080728 0.455657
-0.152713 -0.0683147 0.472644
-0.152713 -0.0683147 0.472644
-0.0938039 -0.0753868 0.488785
-0.0536588 -0.0643852 0.501604
-0.152713 -0.0683144 0.472644
-0.152713 -0.0683145 0.472646
-0.118566 -0.0593655 0.483165
0.166481 -0.066027 0.566177
-0.152714 -0.068314 0.472651
-0.152715 -0.0683141 0.472652
-0.0938039 -0.0753868 0.488785
0.188092 -0.0782201 0.571435
-0.152714 -0.0683142 0.472651
-0.118566 -0.0593652 0.483164
-0.0536588 -0.0643842 0.501604
-0.217244 -0.0527769 0.454129
-0.152712 -0.0683133 0.472646
-0.0536603 -0.0643827 0.501604
-0.217224 -0.0527749 0.454133
-0.18336 -0.0561152 0.46428
-0.118559 -0.0593684 0.483166
-0.0863545 -0.0578731 0.492533
0.166465 -0.066019 0.566172
0.166469 -0.0660213 0.566173
-0.183366 -0.0561058 0.46428
-0.152714 -0.0683137 0.472651
-0.0536603 -0.0643828 0.501604
0.114076 -0.0564561 0.551696
-0.133422 -0.0533545 0.48058
-0.151558 -0.0512116 0.475015
-0.147666 -0.0514491 0.477239
-0.142676 -0.0518201 0.480899
-0.118566 -0.0593651 0.483165
-0.118555 -0.0593679 0.483155
0.114074 -0.0564553 0.551695
0.385694 -0.0447742 0.632815
-0.118557 -0.0593692 0.483167
-0.0865761 -0.0438103 0.493808
-0.0759906 -0.0440851 0.496871
-0.16119 -0.040344 0.472046
-0.0699128 -0.0426707 0.498816
-0.238789 -0.0359501 0.449673
-0.0699458 -0.0394955 0.499087
-0.150393 -0.0330514 0.476097
-0.145091 -0.031763 0.47879
-0.107895 -0.021185 0.489315
0.26001 -0.0348726 0.596793
-0.166373 -0.011049 0.473494
-0.0837789 -0.0281443 0.496008
-0.0762046 -0.026701 0.498305
-0.207566 -0.0245128 0.459839
-0.149382 -0.0240064 0.477807
-0.107885 -0.0211721 0.489322
-0.0898372 -0.0248976 0.494424
0.125968 -0.0323319 0.557687
-0.0762455 -0.0235201 0.49858
-0.237726 -0.0198007 0.451495
-0.207566 -0.0245128 0.459839
-0.166373 -0.011049 0.473494
-0.049035 -0.00790103 0.508055
-0.0490332 -0.0079007 0.508052
-0.049035 -0.00790103 0.508055
-0.144049 -0.0165107 0.480445
-0.049035 -0.00790103 0.508055
-0.166373 -0.011049 0.473494
-0.0989984 -0.0153155 0.492776
-0.237111 -0.0157104 0.452068
-0.207566 -0.0245128 0.459839
-0.122495 -0.0135338 0.48597
-0.166373 -0.011049 0.473494
-0.068747 -0.0124327 0.501807
-0.0810564 -0.0107385 0.498482
-0.145585 -0.00888496 0.48039
-0.0490332 -0.0079007 0.508052
-0.166373 -0.011049 0.473494
-0.074983 -0.00759379 0.500509
-0.118118 0.00710532 0.489304
-0.0931944 -0.00591203 0.495308
-0.0902034 -0.00592699 0.496232
-0.0490547 -0.00658602 0.508175
-0.0490332 -0.0079007 0.508052
-0.0490348 -0.00790069 0.508052
0.0192752 0.00453759 0.529688
-0.0882851 0.0125473 0.498488
-0.118118 0.00710376 0.489304
-0.0882834 0.0125476 0.498485
-0.0882851 0.0125473 0.498488
-0.0523752 0.0120087 0.508931
-0.166373 -0.0110475 0.473495
-0.11812 0.007104 0.489309
-0.0882849 0.0125476 0.498485
0.127142 0.00321453 0.561564
0.302444 0.0107285 0.61353
-0.0882866 0.0125472 0.498488
-0.0882849 0.0125476 0.498485
-0.0580754 0.00370719 0.506478
0.274285 0.00434501 0.604603
0.426428 0.0176632 0.650726
-0.0882849 0.0125476 0.498485
0.348001 0.0136407 0.627224
-0.0523752 0.0120087 0.508931
0.306639 0.0129178 0.614976
-0.11812 0.007104 0.489309
0.347998 0.0136406 0.627223
-0.0882851 0.0125473 0.498488
0.176995 0.00672158 0.576007
-0.0644452 0.0134019 0.505568
-0.0523673 0.0120221 0.508931
-0.0882834 0.0125492 0.498485
0.302444 0.0107285 0.61353
-0.118117 0.00710377 0.489304
-0.088288 0.0125507 0.498484
-0.0882874 0.0125496 0.498488
0.346066 0.0139301 0.626678
0.426441 0.017656 0.650729
-0.0882864 0.0125476 0.498484
0.302444 0.0107285 0.61353
0.347999 0.0136446 0.627225
-0.0882849 0.0125476 0.498485
0.347998 0.0136447 0.627224
-0.184884 0.0230494 0.471047
-0.162097 0.025342 0.478001
0.347998 0.0136447 0.627224
0.426428 0.0176642 0.650726
-0.111619 0.025665 0.49288
-0.088288 0.0125492 0.498484
-0.0882895 0.0125507 0.498483
-0.162098 0.0253451 0.478001
-0.186743 0.0308659 0.471216
-0.162096 0.0253463 0.477997
-0.179651 0.0291992 0.473115
-0.142125 0.0297949 0.484257
-0.12177 0.0399255 0.491064
-0.186744 0.0308659 0.471216
-0.162096 0.0253463 0.477997
-0.212727 0.0347394 0.463946
-0.204498 0.0347436 0.466347
-0.162097 0.025342 0.478001
-0.243616 0.0448487 0.455829
-0.207504 0.0347064 0.465447
-0.186742 0.0308659 0.471216
-0.186742 0.0308659 0.471217
-0.182574 0.0352339 0.472847
-0.243616 0.0448531 0.455829
-0.186744 0.0308659 0.471216
-0.0968466 0.0387117 0.49827
-0.121771 0.0399259 0.491068
-0.162096 0.0253463 0.477997
-0.243616 0.0448466 0.455827
-0.145747 0.0536396 0.485437
-0.186742 0.0308659 0.471217
-0.243615 0.0448502 0.455829
-0.163742 0.0479448 0.479585
-0.200494 0.0484129 0.468853
-0.145746 0.0536392 0.485433
-0.246772 0.0591387 0.456279
-0.243617 0.0448458 0.455828
-0.229219 0.049049 0.460424
-0.265554 0.0492689 0.449804
-0.24611 0.0588418 0.456448
-0.208526 0.0512003 0.466746
-0.201929 0.0514039 0.468718
-0.185847 0.0519045 0.473529
-0.145748 0.0536423 0.485433
-0.18183 0.0535659 0.474858
-0.145749 0.0536411 0.485436
-0.243617 0.0448472 0.455828
-0.145748 0.0536422 0.485432
-0.242773 0.051606 0.456712
-0.216555 0.0554359 0.464808
-0.162636 0.0572766 0.480835
-0.224388 0.0566623 0.46261
-0.188756 0.0579218 0.473251
-0.246773 0.0591387 0.456279
-0.145749 0.0536422 0.485432
-0.283244 0.0656154 0.446124
-0.246798 0.0591457 0.456273
-0.206345 0.0633752 0.468541
-0.283245 0.0656146 0.446125
-0.246798 0.0591443 0.456273
-0.209039 0.0647871 0.46787
-0.178131 0.0660296 0.477114
-0.246803 0.0591455 0.456272
-0.273578 0.0649453 0.448897
-0.174113 0.0692934 0.47864
-0.277308 0.0662593 0.447914
-0.209214 0.0693331 0.468282
-0.184195 0.0873417 0.477483
-0.184205 0.087307 0.477477
-0.164455 0.0712592 0.481666
-0.184205 0.0873131 0.477478
-0.184184 0.0872988 0.477483
-0.217196 0.072012 0.466198
-0.246797 0.0591443 0.456274
-0.184054 0.087354 0.477526
-0.184202 0.0873055 0.477478
-0.184113 0.0873135 0.477505
-0.16341 0.0822855 0.483117
-0.23828 0.0815156 0.460963
-0.242207 0.0843017 0.460093
-0.215115 0.0857826 0.468172
-0.183346 0.0878602 0.47778
-0.18414 0.0873229 0.477498
-0.246956 0.101915 0.460396
-0.200663 0.0896516 0.472815
-0.246964 0.101917 0.460392
-0.183357 0.0878471 0.477775
-0.246956 0.101915 0.460396
-0.232314 0.0924171 0.463712
-0.246956 0.101915 0.460396
-0.216948 0.099416 0.468932
-0.246965 0.101918 0.460394
