312
0.0687847 -0.195876 0.525537
0.410637 -0.245996 0.621145
-0.23614 -0.168325 0.43782
-0.221367 -0.173362 0.441719
-0.216394 -0.173906 0.443095
0.173466 -0.214161 0.554187
0.177363 -0.214589 0.555302
-0.236139 -0.168324 0.437819
-0.0506458 -0.175162 0.491905
-0.216603 -0.16839 0.443511
-0.094041 -0.175386 0.478864
-0.221645 -0.166502 0.442271
-0.0505682 -0.175168 0.491925
0.0997682 -0.188709 0.534922
-0.050559 -0.175168 0.491927
0.136167 -0.202087 0.544352
0.373488 -0.224767 0.612226
-0.219402 -0.16129 0.443473
-0.0674954 -0.177578 0.486642
0.378362 -0.223358 0.613781
0.0997682 -0.188709 0.534922
0.136169 -0.202086 0.544351
-0.0850005 -0.163434 0.482642
-0.0505706 -0.175168 0.491927
0.158537 -0.197168 0.55141
0.0997682 -0.188709 0.534922
-0.224562 -0.144222 0.4436
-0.0505407 -0.17517 0.491932
0.367098 -0.214634 0.611335
0.0997682 -0.188709 0.534922
0.341649 -0.210247 0.604308
0.374313 -0.21346 0.613565
-0.224563 -0.144222 0.443599
-0.0845279 -0.163579 0.482766
0.0997682 -0.188709 0.534922
-0.224563 -0.144223 0.443602
-0.224564 -0.144223 0.443602
-0.186882 -0.153499 0.453945
-0.0332682 -0.168308 0.497673
0.369983 -0.207346 0.612882
0.0997682 -0.188709 0.534922
0.358593 -0.200579 0.610155
-0.224565 -0.144222 0.443601
-0.224563 -0.144222 0.443599
-0.224563 -0.144224 0.443602
-0.224565 -0.144221 0.443599
0.373139 -0.196216 0.614856
0.130755 -0.172383 0.545619
-0.224563 -0.144222 0.443599
-0.167581 -0.142507 0.460652
0.343276 -0.184094 0.607193
0.427762 -0.179509 0.632466
-0.117312 -0.141967 0.475832
0.381829 -0.170844 0.619775
-0.17709 -0.125636 0.459474
-0.194043 -0.133115 0.453755
-0.0348969 -0.140772 0.500012
0.329817 -0.177342 0.603869
0.381829 -0.170843 0.619775
-0.177088 -0.125635 0.459472
-0.177088 -0.125635 0.459471
0.123675 -0.156479 0.545054
0.0737265 -0.148788 0.531137
-0.177089 -0.125637 0.459471
-0.0348971 -0.140769 0.500009
0.036326 -0.145003 0.520442
0.381829 -0.170845 0.619774
0.381827 -0.170841 0.619774
-0.193007 -0.126137 0.454742
-0.17709 -0.125636 0.459473
0.136922 -0.152483 0.549369
0.331719 -0.15206 0.6068
0.427762 -0.179506 0.632465
-0.177086 -0.125628 0.459472
-0.177086 -0.12563 0.459472
0.381817 -0.170812 0.619774
0.381817 -0.170812 0.619774
0.381829 -0.170843 0.619775
0.331719 -0.152061 0.606798
0.381817 -0.170811 0.619774
0.331724 -0.152055 0.606801
-0.177086 -0.125629 0.459472
-0.160116 -0.10539 0.466597
0.180492 -0.134281 0.563907
-0.161703 -0.117057 0.464907
0.143827 -0.129549 0.553601
-0.177088 -0.125629 0.459475
0.180494 -0.134279 0.563907
0.28439 -0.143964 0.59356
0.143827 -0.129549 0.553601
0.180492 -0.13428 0.563906
0.143829 -0.12955 0.553599
0.358153 -0.135681 0.616114
-0.160117 -0.10539 0.466597
-0.160117 -0.10539 0.466597
-0.161352 -0.0849476 0.468226
0.17029 -0.100367 0.564065
0.123189 -0.0964773 0.550634
0.0563118 -0.0912728 0.531372
-0.202743 -0.080755 0.455792
-0.15272 -0.0683175 0.472678
-0.15272 -0.0683175 0.472677
-0.0938116 -0.0754012 0.48878
-0.0536359 -0.0643909 0.501555
-0.15272 -0.0683172 0.472677
-0.15272 -0.0683172 0.472677
-0.118375 -0.0593357 0.482599
0.166441 -0.0660031 0.566217
-0.152721 -0.0683168 0.472683
-0.152721 -0.0683168 0.472685
-0.093814 -0.0754018 0.488786
0.188069 -0.0782171 0.571455
-0.152721 -0.0683169 0.472684
-0.118375 -0.0593354 0.482599
-0.0536379 -0.0643904 0.501559
-0.217246 -0.0527791 0.454143
-0.152719 -0.0683161 0.472679
-0.0536394 -0.0643889 0.501558
-0.217226 -0.0527773 0.454148
-0.183418 -0.0561275 0.464558
-0.118372 -0.0593396 0.482612
-0.0864017 -0.0578941 0.492637
0.166424 -0.0659952 0.566212
0.166429 -0.0659973 0.566212
-0.183424 -0.056118 0.464558
-0.152721 -0.0683165 0.472685
-0.0536394 -0.064389 0.501558
0.114214 -0.0564208 0.551558
-0.133179 -0.0532992 0.479781
-0.151494 -0.0512264 0.474836
-0.147384 -0.051384 0.476275
-0.142138 -0.0516719 0.479073
-0.118375 -0.0593352 0.482599
-0.118368 -0.0593392 0.482601
0.114212 -0.05642 0.551558
0.385689 -0.0448877 0.632803
-0.118371 -0.0593405 0.482613
-0.086616 -0.0438153 0.493902
-0.0760525 -0.0440885 0.497009
-0.161266 -0.0403881 0.472345
-0.069977 -0.0426645 0.498953
-0.238783 -0.0359582 0.449599
-0.0700157 -0.0394944 0.499235
-0.150487 -0.0330858 0.476494
-0.144901 -0.031682 0.478153
-0.107916 -0.0212037 0.489388
0.260049 -0.0349021 0.596764
-0.166329 -0.0110153 0.473382
-0.0838261 -0.0281554 0.496115
-0.0762539 -0.0267004 0.498406
-0.207551 -0.0245022 0.459733
-0.149398 -0.0240156 0.47793
-0.107906 -0.0211908 0.489395
-0.0898601 -0.0249026 0.494477
0.126212 -0.0322105 0.557452
-0.0762947 -0.0235218 0.498679
-0.237722 -0.0198068 0.451427
-0.207551 -0.0245022 0.459733
-0.166332 -0.0110172 0.473394
-0.0490926 -0.00790533 0.508155
-0.0490926 -0.00790533 0.508155
-0.0490926 -0.00790533 0.508155
-0.143946 -0.0164586 0.480117
-0.0490926 -0.00790533 0.508155
-0.166329 -0.0110153 0.473382
-0.0990094 -0.0153306 0.492819
-0.237113 -0.0157376 0.452015
-0.207551 -0.0245022 0.459733
-0.122487 -0.0135435 0.485984
-0.166332 -0.0110172 0.473394
-0.068767 -0.0124201 0.501833
-0.0810358 -0.0107325 0.498438
-0.145386 -0.00877417 0.479762
-0.0490926 -0.00790533 0.508155
-0.166331 -0.0110167 0.473389
-0.0749722 -0.00758013 0.500476
-0.118079 0.00712772 0.489195
-0.0931702 -0.00590428 0.495253
-0.0901711 -0.00591765 0.496161
-0.049115 -0.00659339 0.508281
-0.0490926 -0.00790533 0.508155
-0.0490923 -0.00790499 0.508151
0.0192648 0.0044812 0.529724
-0.0883008 0.0125444 0.498516
-0.118077 0.00712643 0.489192
-0.0883008 0.0125444 0.498516
-0.0883008 0.0125444 0.498516
-0.0524221 0.0119682 0.509042
-0.166331 -0.0110152 0.473389
-0.11808 0.0071264 0.4892
-0.0883005 0.0125447 0.498512
0.127184 0.00316234 0.561532
0.302443 0.0106898 0.613531
-0.0883023 0.0125444 0.498516
-0.0883015 0.0125436 0.498516
-0.0580972 0.00368539 0.506534
0.274291 0.00429187 0.6046
0.42641 0.0176252 0.650733
-0.0883005 0.0125447 0.498512
0.34797 0.0135827 0.627239
-0.0524221 0.0119682 0.509042
0.306639 0.012875 0.614976
-0.11808 0.0071264 0.4892
0.347968 0.0135827 0.627239
-0.0883008 0.0125444 0.498516
0.177083 0.0065973 0.575947
-0.0644441 0.0133803 0.505592
-0.0524159 0.0119813 0.509045
-0.088299 0.0125463 0.498513
0.302442 0.0106896 0.613532
-0.118077 0.00712617 0.489195
-0.0883063 0.0125464 0.498518
-0.0883031 0.0125468 0.498516
0.346032 0.0138699 0.626696
0.426422 0.0176169 0.650736
-0.088302 0.0125447 0.498512
0.302443 0.0106907 0.613531
0.34797 0.0135867 0.62724
-0.0883023 0.0125444 0.498516
0.347968 0.0135867 0.627239
-0.184899 0.0230324 0.471108
-0.162075 0.0253648 0.477906
0.347968 0.0135867 0.627239
0.42641 0.0176252 0.650733
-0.111607 0.0256618 0.492876
-0.0883036 0.0125463 0.498512
-0.0883061 0.0125467 0.498515
-0.162075 0.0253679 0.477906
-0.186759 0.0308528 0.471229
-0.162075 0.0253679 0.477906
-0.179665 0.0291846 0.473164
-0.142063 0.029851 0.484036
-0.12173 0.0399175 0.491067
-0.186759 0.0308528 0.471228
-0.162075 0.0253679 0.477906
-0.212738 0.0347251 0.463958
-0.204514 0.0347218 0.466402
-0.162075 0.0253648 0.477906
-0.243619 0.0448498 0.455795
-0.207519 0.0346844 0.465506
-0.186757 0.0308528 0.471229
-0.186757 0.0308528 0.471229
-0.182589 0.0352172 0.472903
-0.243619 0.0448542 0.455795
-0.186759 0.0308527 0.471228
-0.0969222 0.0386893 0.498393
-0.121732 0.039919 0.491068
-0.162075 0.0253679 0.477906
-0.243619 0.0448477 0.455793
-0.145679 0.0536992 0.485249
-0.186757 0.0308528 0.471229
-0.243617 0.0448513 0.455796
-0.163712 0.0479738 0.479495
-0.20049 0.0484154 0.468863
-0.145679 0.0536976 0.485249
-0.246766 0.0591654 0.456188
-0.243619 0.0448468 0.455795
-0.229224 0.049038 0.460455
-0.265545 0.0493055 0.449716
-0.246105 0.058866 0.45636
-0.208529 0.0511934 0.466774
-0.201927 0.0514035 0.468734
-0.185832 0.051922 0.473484
-0.14568 0.0537007 0.485249
-0.181812 0.0535842 0.474816
-0.14568 0.0537007 0.485249
-0.243619 0.0448483 0.455795
-0.145679 0.0537018 0.485245
-0.242776 0.0516097 0.456663
-0.21655 0.0554417 0.464805
-0.162589 0.0573213 0.480708
-0.224386 0.0566647 0.46261
-0.188735 0.0579461 0.473191
-0.246767 0.0591654 0.456188
-0.14568 0.0537018 0.485245
-0.283233 0.0656513 0.446082
-0.246792 0.0591734 0.45618
-0.206341 0.0633746 0.468563
-0.283233 0.0656513 0.446082
-0.246792 0.0591728 0.456178
-0.209038 0.0647817 0.467901
-0.17811 0.0660475 0.477082
-0.246797 0.0591741 0.456177
-0.273564 0.0650093 0.44876
-0.174084 0.0693188 0.478588
-0.277293 0.0663089 0.447841
-0.20921 0.0693329 0.468297
-0.184167 0.0873703 0.477431
-0.184176 0.0873356 0.477425
-0.164417 0.0712919 0.481589
-0.184177 0.0873417 0.477425
-0.184155 0.0873274 0.47743
-0.217195 0.0720128 0.4662
-0.246791 0.0591728 0.456178
-0.184026 0.0873826 0.477474
-0.184174 0.0873341 0.477426
-0.184084 0.0873422 0.477453
-0.163363 0.0823231 0.483039
-0.238281 0.0815236 0.460924
-0.242212 0.0843141 0.46002
-0.215101 0.0857987 0.468156
-0.183315 0.0878887 0.477731
-0.184112 0.0873515 0.477446
-0.246967 0.101916 0.460353
-0.200639 0.0896692 0.472812
-0.246975 0.101918 0.460349
-0.183326 0.0878767 0.477724
-0.246967 0.101916 0.460353
-0.232312 0.0924134 0.463733
-0.246968 0.101916 0.460353
-0.216929 0.0994397 0.468903
-0.246976 0.101918 0.46035
