120
3.04003e-033 4.00227e-017 0.83
7.77156e-016 4.29999 0.859999
9.99201e-016 7.69999 0.769999
6.66134e-016 4.65 0.31
3.33067e-016 3.2 0.16
8.88178e-016 6.25 0.25
1.77636e-015 12 0.4
9.99201e-016 5.6 0.16
3.66374e-015 24.4 0.61
6.32827e-015 41.85 0.930001
3.9968e-015 26.5 0.53
0.1 3.62249e-017 0.02
1.3 1.3 0.26
4.75 9.5 0.95
0.95 2.85 0.19
0.55 2.2 0.11
2.4 12 0.48
0.4 2.4 0.08
2.65 18.55 0.53
4.79999 38.4 0.959999
3.1 27.9 0.62
4.75 47.5 0.95
3.7 -1.00499e-016 0.37
8.49999 4.25 0.849999
6.29999 6.29999 0.629999
8.7 13.05 0.87
5.3 10.6 0.53
5.6 14 0.56
5.50001 16.5 0.550001
4.8 16.8 0.48
9.30001 37.2 0.930001
8.40001 37.8 0.840001
7.1 35.5 0.71
1.05 1.44975e-019 0.07
13.2 4.4 0.88
8.99999 6 0.6
4.5 6 0.3
1.65 2.75 0.11
3.6 7.2 0.24
4.2 9.8 0.28
0.45 1.2 0.03
10.8 32.4 0.72
12 40 0.8
4.2 -1.19488e-016 0.21
14.2 3.55001 0.710002
13.4 6.7 0.669999
16.6 12.45 0.83
16.2 16.2 0.810001
4.2 5.25 0.21
1.6 2.4 0.08
2.8 4.9 0.14
9.39999 18.8 0.469999
2.2 4.95 0.11
2.8 7 0.14
22.25 -8.05006e-016 0.889999
8.5 1.7 0.34
1.75 0.7 0.07
21.7501 13.05 0.870003
20.25 16.2 0.810001
17 17 0.68
15 18 0.600001
0.75 1.05 0.03
4.75 7.6 0.19
10.75 19.35 0.429999
3.25 6.5 0.13
18.6 -6.66385e-016 0.620001
9.3 1.55 0.31
11.4 3.8 0.38
17.4 8.70001 0.580001
23.7 15.8 0.79
5.7 4.75 0.19
15.9 15.9 0.529999
6.6 7.7 0.22
13.2 17.6 0.44
1.5 2.25 0.05
25.2 42 0.840001
9.45 -3.18877e-016 0.27
18.55 2.65 0.529999
1.4 0.4 0.04
16.8 7.19999 0.479999
23.1 13.2 0.66
3.85 2.75 0.11
14.7 12.6 0.42
27.3 27.3 0.78
22.75 26 0.650001
26.25 33.7499 0.749999
24.1501 34.5001 0.690002
19.6 -7.04362e-016 0.49
36.4 4.55001 0.910001
19.2 4.79999 0.479999
10 3.75 0.25
25.6 12.8 0.64
12.4 7.75 0.31
9.60001 7.2 0.24
5.2 4.55 0.13
10.8 10.8 0.27
25.2 28.35 0.629999
25.2 31.5 0.629999
25.2 -9.17044e-016 0.56
43.6499 4.84999 0.969998
13.5 3 0.3
19.35 6.44999 0.429999
31.5 14 0.699999
18.9 10.5 0.42
10.8 7.2 0.24
20.25 15.75 0.45
38.2501 34.0001 0.850002
42.3001 42.3001 0.940002
26.1 29 0.580001
20 -7.19554e-016 0.4
1.5 0.15 0.03
32 6.4 0.64
43.0001 12.9 0.860002
15 6 0.3
3.5 1.75 0.07
13 7.8 0.26
8 5.6 0.16
7 5.6 0.14
23 20.7 0.46
32.5 32.5 0.650001
