120
50 50 48.7952 50
50 55 48.8372 55
50 60 48.7013 60
50 65 46.7742 65
50 70 43.75 70
50 75 46 75
50 80 47.5 80
50 85 43.75 85
50 90 48.3607 90
50 95 48.9247 95
50 100 48.1132 100
55 50 5 50
55 55 51.1538 55
55 60 53.9474 60
55 65 49.7368 65
55 70 45.9091 70
55 75 52.9167 75
55 80 42.5 80
55 85 53.1132 85
55 90 53.9583 90
55 95 53.3871 95
55 100 53.9474 100
60 50 57.2973 50
60 55 58.8235 55
60 60 58.4127 60
60 65 58.8506 65
60 70 58.1132 70
60 75 58.2143 75
60 80 58.1818 80
60 85 57.9167 85
60 90 58.9247 90
60 95 58.8095 95
60 100 58.5915 100
65 50 50.7143 50
65 55 63.8636 55
65 60 63.3333 60
65 70 61.6667 70
65 75 55.9091 75
65 80 60.8333 80
65 85 61.4286 85
65 90 31.6667 90
65 95 63.6111 95
65 100 63.75 100
70 50 65.2381 50
70 55 68.5916 55
70 60 68.5075 60
70 65 68.7952 65
70 70 68.7654 70
70 75 65.2381 75
70 80 57.5 80
70 85 62.8571 85
70 90 67.8723 90
70 95 60.9091 95
70 100 62.8571 100
75 50 73.8764 50
75 55 72.0588 55
75 60 60.7143 60
75 65 73.8506 65
75 70 73.7654 70
75 75 73.5294 75
75 80 73.3333 80
75 85 41.6667 85
75 90 69.7368 90
75 95 72.6744 95
75 100 67.3077 100
80 50 78.3871 50
80 55 76.7742 55
80 60 77.3684 60
80 65 78.2759 65
80 70 78.7342 70
80 75 74.7368 75
80 80 78.1132 80
80 85 75.4545 85
80 90 77.7273 90
80 95 60 95
80 100 78.8095 100
85 50 81.2963 50
85 55 83.1132 55
85 60 60 60
85 65 82.9167 65
85 70 83.4848 70
85 75 75.9091 75
85 80 82.619 80
85 85 83.7179 85
85 90 83.4615 90
85 95 83.6667 95
85 100 83.5507 100
90 50 87.9592 50
90 55 88.9011 55
90 60 87.9167 60
90 65 86 65
90 70 88.4375 70
90 75 86.7742 75
90 80 85.8333 80
90 85 82.3077 85
90 90 86.2963 90
90 95 88.4127 95
90 100 88.4127 100
95 50 93.2143 50
95 55 93.9691 55
95 60 91.6667 60
95 65 92.6744 65
95 70 93.5714 70
95 75 92.619 75
95 80 90.8333 80
95 85 92.7778 85
95 90 93.8235 90
95 95 93.9362 95
95 100 93.2759 100
100 50 97.5 50
100 55 66.6667 55
100 60 98.4375 60
100 65 98.8372 65
100 70 96.6667 70
100 75 85.7143 75
100 80 96.1538 80
100 85 93.75 85
100 90 92.8571 90
100 95 97.8261 95
100 100 98.4615 100
