119
-0 -0 1
-1.11022e-016 0.714286 0.142857
-2.22045e-016 0.833333 0.0833333
6.77236e-015 15 1
-6.68354e-014 20 1
3.57492e-014 12.5 0.5
-1.00364e-013 30 1
-1.17018e-013 35 1
3.21965e-015 3.63636 0.0909091
-2.64233e-014 22.5 0.5
3.9968e-015 4.54545 0.0909091
0.454545 -2.93668e-016 0.0909091
1.66667 1.66667 0.333333
1.25 2.5 0.25
1.66667 5 0.333333
0.714286 2.85714 0.142857
2.5 12.5 0.5
1.25 7.5 0.25
2.5 17.5 0.5
2.5 20 0.5
0.833333 7.5 0.166667
2.5 25 0.5
3.33333 -2.15357e-015 0.333333
5 2.5 0.5
5 5 0.5
5 7.5 0.5
1 2 0.1
5 12.5 0.5
3.33333 10 0.333333
5 17.5 0.5
5 20 0.5
5 22.5 0.5
5 25 0.5
5 -3.23035e-015 0.333333
7.5 2.5 0.5
5 3.33333 0.333333
7.5 10 0.5
0.75 1.25 0.05
7.5 15 0.5
3.75 8.75 0.25
7.5 20 0.5
5 15 0.333333
5 16.6667 0.333333
10 -6.4607e-015 0.5
6.66667 1.66667 0.333333
6.66667 3.33333 0.333333
10 7.5 0.5
1.33333 1.33333 0.0666667
6.66667 8.33333 0.333333
6.66667 10 0.333333
1.66667 2.91667 0.0833333
10 20 0.5
10 22.5 0.5
10 25 0.5
12.5 -8.07588e-015 0.5
12.5 2.5 0.5
12.5 5 0.5
5 3 0.2
6.25 5 0.25
5 5 0.2
4.16667 5 0.166667
12.5 17.5 0.5
12.5 20 0.5
5 9 0.2
6.25 12.5 0.25
15 -9.69105e-015 0.5
15 2.5 0.5
10 3.33333 0.333333
15 7.5 0.5
1.5 1 0.05
15 12.5 0.5
15 15 0.5
15 17.5 0.5
15 20 0.5
7.5 11.25 0.25
15 25 0.5
17.5 -1.13062e-014 0.5
17.5 2.5 0.5
8.75 2.5 0.25
7 3 0.2
17.5 10 0.5
2.91667 2.08333 0.0833333
2.69231 2.30769 0.0769231
17.5 17.5 0.5
17.5 20 0.5
17.5 22.5 0.5
1.4 2 0.04
8 -5.16856e-015 0.2
20 2.5 0.5
20 5 0.5
20 7.5 0.5
13.3333 6.66667 0.333333
20 12.5 0.5
20 15 0.5
20 17.5 0.5
20 20 0.5
20 22.5 0.5
20 25 0.5
22.5 -1.45366e-014 0.5
15 1.66667 0.333333
22.5 5 0.5
22.5 7.5 0.5
22.5 10 0.5
9 5 0.2
22.5 15 0.5
22.5 17.5 0.5
15 13.3333 0.333333
22.5 22.5 0.5
22.5 25 0.5
10 -6.4607e-015 0.2
25 5 0.5
12.5 3.75 0.25
2.5 1 0.05
25 12.5 0.5
16.6667 10 0.333333
16.6667 11.6667 0.333333
25 20 0.5
25 22.5 0.5
16.6667 16.6667 0.333333
