119
0 0 54
0 65 13
0 80 8
0 1005 67
0 1600 80
0 1100 44
0 1590 53
0 1820 52
0 360 9
0 1530 34
0 450 9
45 0 9
230 230 46
150 300 30
220 660 44
65 260 13
270 1350 54
135 810 27
265 1855 53
400 3200 80
80 720 16
335 3350 67
430 0 43
590 295 59
950 950 95
750 1125 75
110 220 11
500 1250 50
410 1230 41
720 2520 72
710 2840 71
730 3285 73
890 4450 89
705 0 47
795 265 53
675 450 45
1350 1800 90
75 125 5
945 1890 63
405 945 27
1275 3400 85
735 2205 49
735 2450 49
1800 0 90
760 190 38
700 350 35
1440 1080 72
140 140 7
960 1200 48
860 1290 43
180 315 9
1680 3360 84
1700 3825 85
1580 3950 79
1775 0 71
1525 305 61
2325 930 93
600 360 24
775 620 31
525 525 21
425 510 17
2150 3010 86
2225 3560 89
550 990 22
825 1650 33
2610 0 87
2760 460 92
1140 380 38
1590 795 53
150 100 5
2190 1825 73
2460 2460 82
2400 2800 80
1500 2000 50
900 1350 30
2340 3900 78
2660 0 76
3255 465 93
945 270 27
735 315 21
3115 1780 89
315 225 9
280 240 8
2100 2100 60
2555 2920 73
1820 2340 52
140 200 4
920 0 23
3360 420 84
3040 760 76
2040 765 51
1480 740 37
2760 1725 69
2560 1920 64
3360 2940 84
2000 2000 50
3960 4455 99
2680 3350 67
3735 0 83
1935 215 43
3735 830 83
3735 1245 83
2655 1180 59
1035 575 23
4140 2760 92
3150 2450 70
2070 1840 46
2340 2340 52
2520 2800 56
1000 0 20
4700 940 94
1400 420 28
250 100 5
3200 1600 64
2200 1320 44
1750 1225 35
4750 3800 95
4950 4455 99
2000 2000 40
